10000
0.689
0.516
-0.159
-0.482
0.023
-0.19
0.568
-0.393
-0.047
0.167
0.816
0.009
-0.436
0.512
0.237
-0.499
0.819
0.966
0.62
0.804
-0.38
0.46
0.798
0.368
-0.056
-0.799
-0.132
0.222
0.826
0.933
-0.046
0.731
-0.479
0.61
0.097
-0.972
0.439
-0.202
0.65
0.336
-0.998
-0.013
0.735
-0.512
-0.35
0.741
-0.618
0.135
-0.523
0.935
0.606
-0.104
-0.839
-0.36
0.016
0.866
-0.782
0.103
0.413
0.095
0.629
0.081
0.928
0.206
0.175
-0.11
0.193
-0.23
0.151
-0.419
-0.621
-0.627
0.226
0.313
-0.047
-0.82
0.515
0.754
0.847
0.685
0.796
0.846
0.081
-0.217
0.411
-0.449
0.623
0.699
0.79
0.18
0.9
0.159
-0.099
0.32
0.993
0.834
0.587
-0.835
0.226
-0.027
0.26
0.69
-0.514
0.463
-0.766
-0.559
0.589
-0.335
0.632
-0.799
-0.707
0.395
-0.91
0.148
0.82
0.068
0.361
-0.947
0.27
0.213
0.152
-0.218
-0.26
0.961
-0.927
-0.957
0.922
-0.63
-0.752
-0.579
0.601
0.874
-0.954
-0.149
-0.797
-0.48
-0.558
0.294
-0.299
-0.639
0.007
-0.921
-0.798
0.976
-0.601
-0.283
0.463
0.677
0.837
-0.661
0.345
0.933
-0.884
0.352
0.691
-0.315
-0.499
0.194
-0.115
-0.65
-0.057
-0.18
0.138
0.017
-0.377
-0.286
0.675
-0.498
0.121
-0.975
0.483
-0.328
-0.909
-0.438
-0.52
0.906
-0.296
-0.424
-0.282
0.894
0.267
0.242
0.431
-0.224
-0.171
0.302
-0.997
-0.615
-0.331
-0.521
0.275
-0.243
0.751
0.136
-0.171
-0.195
0.404
-0.164
0.324
-0.906
-0.109
-0.482
-0.685
0.055
-0.025
0.123
0.511
0.768
-0.011
-0.376
-0.066
0.618
0.75
0.625
-0.624
0.999
0.266
-0.833
0.451
0.974
-0.196
0.357
-0.368
-0.573
0.435
-0.995
0.645
0.057
-0.804
-0.762
0.299
0.747
-0.44
0.957
-0.8
0.708
-0.207
-0.837
-0.451
-0.094
0.585
0.723
-0.733
0.042
0.302
-0.306
0.744
-0.443
-0.963
-0.919
0.362
0.117
0.893
0.877
0.82
-0.916
0.498
0.403
0.311
0.425
0.805
0.28
-0.255
0.076
-0.584
0.174
-0.982
-0.698
-0.333
0.579
0.437
-0.323
0.241
-0.918
-0.672
0.964
-0.421
-0.21
0.097
-0.413
-0.044
-0.521
-0.903
-0.641
0.046
-0.858
-0.194
-0.343
-0.171
-0.801
0.817
-0.052
0.682
0.952
-0.313
-0.042
0.399
-0.147
-0.396
0.47
0.789
0.839
0.253
-0.249
0.949
0.278
-0.868
-0.831
0.5
-0.878
-0.984
-0.212
0.038
-0.103
-0.023
0.17
0.359
-0.154
-0.263
0.977
-0.478
0.554
-0.138
-0.283
-0.872
0.727
0.404
0.806
-0.097
0.354
-0.762
-0.204
-0.586
-0.916
0.896
-0.568
-0.707
-0.604
-0.244
0.093
-0.697
0.977
0.966
-0.703
-0.188
0.36
0.755
-0.009
0.834
-0.355
-0.003
-0.003
0.34
-0.596
0.22
-0.562
-0.32
0.925
0.798
0.636
-0.929
-0.703
-0.486
0.568
0.685
0.166
0.436
0.614
-0.867
-0.831
0.738
-0.921
-0.55
-0.919
-0.969
0.688
-0.339
-0.679
-0.702
0.312
0.937
0.01
0.802
0.005
0.148
0.357
0.61
0.516
0.981
0.494
0.812
-0.588
0.071
0.197
0.651
-0.036
0.582
-0.223
0.173
0.703
0.596
0.314
-1.0
-0.636
0.014
-0.491
-0.869
0.72
0.886
-0.394
-0.184
0.62
-0.875
0.282
-0.745
-0.426
0.66
-0.889
-0.928
-0.164
-0.016
0.727
0.434
0.347
-0.697
0.973
-0.178
0.224
-0.227
-0.906
-0.058
-0.697
-0.935
0.235
0.26
-0.789
0.098
-0.307
-0.233
0.553
-0.019
0.763
0.22
-0.066
0.265
-0.324
-0.751
0.365
0.244
0.577
-0.746
0.824
0.599
0.834
0.745
0.362
0.621
0.038
0.571
-0.622
0.564
-0.111
0.513
-0.089
0.579
-0.849
-0.911
0.869
-0.028
0.802
0.89
0.333
0.144
-0.568
-0.813
0.639
0.778
0.559
0.397
-0.16
-0.389
-0.773
-0.148
0.132
0.846
0.872
-0.169
-0.802
0.548
0.469
-0.939
-0.107
0.373
-0.94
0.839
0.924
0.445
-0.843
-0.859
-0.281
-0.941
-0.304
-0.98
0.949
0.638
-0.859
0.787
-0.584
-0.59
0.348
0.877
-0.754
-0.986
-0.262
-0.951
0.21
0.718
-0.626
-0.775
-0.311
0.918
-0.74
0.933
-0.276
-0.053
-0.415
0.874
0.916
0.272
-0.632
0.986
-0.795
0.162
-0.687
0.795
0.891
0.609
-0.368
-0.514
0.51
-0.418
-0.16
-0.907
-0.736
-0.959
-0.844
-0.854
-0.16
0.102
0.482
-0.715
-0.156
0.274
-0.831
-0.11
-0.261
0.898
-0.884
-0.183
-0.166
0.456
-0.359
-0.592
-0.413
-0.058
0.901
0.593
-0.446
0.116
0.376
0.591
-0.108
-0.202
0.535
-0.137
-0.504
-0.093
0.874
-0.715
-0.075
0.275
-0.033
-0.593
-0.996
0.398
0.237
-0.984
-0.403
0.537
0.258
0.09
-0.688
0.413
-0.057
0.356
0.52
-0.535
0.524
-0.44
0.968
-0.758
0.767
-0.919
-0.487
0.052
0.163
-0.208
-0.796
-0.495
-0.433
0.51
0.818
0.191
-0.929
0.584
-0.389
-0.32
0.06
-0.502
0.84
-0.673
-0.17
-0.421
0.04
0.148
0.254
0.063
-0.178
0.269
-0.193
0.557
0.576
-0.415
-0.256
0.258
-0.686
0.394
-0.237
0.182
-0.721
0.337
-0.292
-0.055
-0.17
-0.047
0.389
-0.364
0.304
-0.88
-0.4
0.49
-0.895
0.242
-0.949
-0.057
0.777
-0.98
0.054
-0.867
0.734
0.373
0.484
0.338
-0.987
-0.918
0.242
0.999
0.746
0.399
0.454
-0.547
0.503
-0.424
-0.789
-0.078
-0.34
-0.663
-0.157
0.794
-0.129
-0.105
0.418
0.048
-0.742
0.821
-0.112
0.579
-0.222
0.614
-0.221
-0.56
-0.608
0.88
0.173
-0.9
-0.223
-0.532
-0.831
-0.626
-0.886
0.276
-0.653
0.222
0.225
0.41
0.024
-0.431
0.755
-0.294
-0.083
0.264
0.032
0.913
0.909
0.86
0.868
0.162
-0.02
0.408
-0.569
-0.468
-0.912
-0.674
-0.992
0.309
-0.719
0.573
0.361
0.941
-0.207
0.843
-0.093
-0.321
-0.795
0.766
0.59
-0.354
-0.089
-0.35
-0.942
-0.911
-0.263
-0.581
0.049
-0.624
-0.597
0.345
0.471
-0.376
0.72
-0.491
-0.312
0.425
-0.911
0.868
-0.855
-0.078
0.449
-0.905
0.618
0.958
-0.079
-0.764
-0.837
-0.803
0.531
-0.172
0.838
-0.119
-0.846
-0.146
0.51
0.659
-0.921
-0.639
-0.02
-0.744
0.742
0.869
-0.361
-0.13
0.114
-0.429
0.082
-0.598
-0.407
-0.116
0.209
0.072
-0.478
-0.536
-0.763
0.567
-0.802
0.466
-0.502
-0.431
0.472
0.319
0.484
0.031
0.718
-0.756
0.29
-0.764
0.475
-0.282
0.35
0.407
0.321
-0.557
0.664
-0.52
0.036
0.349
-0.533
0.257
-0.426
-0.657
0.619
0.106
-0.344
0.171
-0.949
-0.74
-0.209
0.952
0.021
-0.847
0.53
0.563
0.55
0.139
0.391
-0.573
0.465
0.632
0.52
-0.293
0.182
0.258
0.802
-0.784
0.668
0.053
-0.283
-0.089
-0.975
-0.56
0.306
0.322
-0.011
0.907
-0.038
-0.372
0.696
-0.482
0.209
0.407
0.643
0.571
-0.232
-0.882
-0.923
0.453
0.923
-0.314
-0.118
0.452
0.316
-0.48
0.343
-0.39
-0.287
0.079
0.465
-0.698
-0.956
0.256
-0.951
-0.91
-0.548
0.308
-0.867
-0.875
0.944
-0.155
0.785
-0.567
-0.13
-0.284
-0.646
-0.342
0.974
0.495
-0.235
-0.181
-0.473
0.063
0.471
0.373
-0.075
-0.916
0.843
-0.182
-0.219
-0.994
-0.724
0.738
0.028
0.465
-0.704
-0.34
0.68
0.641
-0.506
-0.956
0.613
-0.662
0.575
0.367
-0.663
-0.843
0.855
0.196
0.241
-0.085
-0.7
0.204
-0.495
0.612
0.465
-0.945
0.865
-0.927
-0.821
-0.415
-0.698
-0.528
-0.288
0.471
-0.191
-0.46
-0.015
-0.215
-0.378
0.801
0.101
0.955
0.546
0.141
-0.475
0.374
-0.088
0.443
-0.192
-0.008
-0.959
0.48
-0.931
0.361
0.164
0.552
-0.42
0.372
-0.586
0.059
-0.319
0.957
0.944
-0.582
0.132
-0.341
0.937
0.849
0.172
0.44
0.363
-0.293
0.833
0.799
-0.339
0.495
-0.982
0.633
0.13
0.905
-0.274
0.251
-0.354
0.566
0.201
0.975
-0.998
-0.718
-0.913
-0.748
0.859
0.897
-0.039
0.893
0.637
0.557
0.495
-0.625
0.098
-0.152
0.9
-0.652
-0.66
0.318
-0.685
-0.78
0.008
0.593
0.21
0.51
-0.468
-0.43
-0.143
0.982
0.436
0.893
0.076
0.109
0.98
-0.62
0.565
0.583
0.689
0.5
-0.689
0.322
0.847
0.127
-0.278
0.899
0.123
-0.177
0.228
0.608
-0.543
-0.969
0.058
0.883
0.361
0.262
0.256
-0.006
0.462
-0.502
0.784
-0.451
0.89
0.853
-0.844
-0.104
0.488
-0.101
0.018
0.614
0.41
0.916
-0.671
0.847
0.856
0.269
0.881
-0.495
0.764
0.547
0.219
-0.819
-0.94
-0.978
-0.499
0.525
-0.227
0.551
0.251
-0.221
0.76
-0.923
-0.069
0.66
-0.746
0.421
-0.344
-0.951
-0.053
0.043
-0.917
0.132
-0.305
-0.991
-0.618
-0.778
0.081
-0.914
0.856
0.69
0.891
-0.37
0.811
0.969
0.529
-0.45
0.342
0.191
-0.192
-0.388
-0.88
-0.749
-0.732
-0.038
0.284
0.528
-0.907
0.648
-0.913
0.11
0.488
0.262
0.899
-0.311
0.172
-0.834
0.12
0.627
-0.597
-0.478
0.401
-0.492
-0.482
0.871
0.997
-0.69
0.8
0.105
-0.923
0.171
0.283
-0.932
0.515
0.636
-0.857
0.297
-0.087
-0.523
-0.083
-0.681
-0.333
0.31
-0.047
0.112
0.087
0.641
-0.313
0.626
-0.84
-0.145
-0.295
-0.097
0.667
0.025
0.974
0.723
-0.762
-0.366
-0.955
0.468
-0.962
0.772
-0.613
-0.172
-0.876
-0.377
-0.221
-0.896
0.535
0.423
-0.284
0.67
-0.845
-0.892
-0.29
0.804
0.513
0.345
0.125
0.608
-0.176
-0.939
0.605
-0.619
-0.225
-0.285
-0.753
-0.298
-0.646
0.232
0.307
-0.973
-0.087
0.108
0.743
-0.008
-0.839
-0.897
0.724
0.581
0.717
-0.476
0.296
-0.809
0.653
-0.333
0.91
-0.057
-0.934
0.818
0.251
-0.426
-0.926
-0.247
-0.686
0.097
-0.706
-0.651
0.842
0.28
-0.515
0.758
0.249
0.891
-0.034
0.776
0.357
-0.912
-0.519
-0.437
-0.66
-0.524
-0.548
0.757
-0.074
0.753
-0.724
0.13
-0.973
0.861
-0.989
-0.22
0.603
1.0
-0.961
0.648
0.02
-0.924
0.554
-0.776
0.223
0.557
0.347
-0.24
-0.947
-0.127
0.827
-0.334
-0.504
-0.724
0.021
0.067
-0.854
-0.184
0.317
0.932
-0.137
-0.128
-0.058
-0.55
-0.21
0.291
-0.206
0.163
0.671
0.996
0.77
-0.256
-0.957
0.223
-0.051
-0.526
-0.919
-0.357
0.596
0.928
-0.787
0.755
-0.903
0.427
-0.946
-0.158
0.74
-0.214
0.849
0.426
0.208
-0.677
-0.319
-0.178
0.18
0.992
-0.433
0.007
0.867
-0.309
0.257
0.532
0.261
0.507
-0.609
0.915
-0.646
0.167
-0.408
0.269
-0.418
-0.138
0.364
-0.462
0.456
-0.306
-0.736
0.226
-0.668
-0.139
-0.203
-0.848
0.422
0.362
0.556
0.09
0.108
-0.662
-0.585
-0.544
0.051
0.638
-0.286
0.764
0.472
0.433
-0.33
-0.763
0.926
0.709
-0.182
0.726
0.798
-0.315
0.003
-0.336
0.39
0.824
0.969
0.488
-0.39
0.761
0.985
-0.307
0.897
0.023
0.929
0.992
0.626
0.367
-0.692
-0.99
0.191
0.409
0.871
0.034
0.394
0.295
-0.59
0.289
0.963
-0.778
0.377
0.229
-0.248
0.587
-0.979
0.785
0.635
-0.039
-0.784
-0.095
0.169
-0.492
-0.027
0.551
0.845
0.123
0.654
-0.844
0.713
0.842
-0.664
0.655
0.699
0.757
0.034
0.217
-0.584
0.416
-0.19
-0.958
-0.731
-0.224
0.77
0.13
0.833
0.859
-0.826
0.176
-0.331
0.014
-0.089
-0.04
-0.796
0.666
-0.019
0.29
-0.055
-0.638
0.082
-0.681
0.704
0.663
-0.713
-0.862
-0.863
-0.214
0.906
0.112
-0.469
-0.541
-0.778
-0.718
0.624
-0.723
0.728
0.646
-0.726
0.117
-0.986
0.724
0.117
0.511
-0.019
0.381
0.862
0.119
0.749
-0.314
-0.805
-0.99
-0.547
0.677
-0.377
-0.551
-0.009
0.894
0.018
-0.318
-0.845
0.147
-0.547
-0.265
-0.238
0.516
-0.537
0.872
0.485
-0.038
0.761
-0.282
-0.231
-0.741
0.557
-0.198
0.001
-0.058
0.312
-0.252
0.832
-0.136
-0.282
-0.198
0.533
0.986
0.733
-0.041
-0.417
-0.108
-0.312
-0.513
-0.626
0.912
-0.001
-0.78
-0.232
-0.223
0.027
0.96
0.953
0.132
0.236
0.351
0.004
-0.027
-0.371
0.368
-0.816
-0.366
0.782
-0.545
0.935
0.968
0.151
-0.919
-0.813
-0.599
-0.346
-0.774
0.594
-0.272
-0.533
-0.913
-0.235
-0.991
-0.767
0.209
0.87
-0.601
0.482
-0.605
-0.997
0.793
0.692
-0.866
-0.646
-0.531
0.857
-0.236
0.615
-0.128
-0.238
0.531
0.232
-0.461
0.166
0.408
0.654
0.354
0.281
0.192
-0.816
0.89
0.43
-0.454
0.385
0.242
0.318
-0.242
0.146
0.32
-0.597
0.016
-0.759
-0.789
0.822
-0.751
0.787
-0.06
-0.09
-0.32
-0.168
-0.246
0.13
-0.329
0.644
-0.533
-0.503
-0.039
0.87
-0.952
0.447
-0.988
-0.19
0.528
-0.108
-0.141
-0.494
-0.05
-0.543
-0.433
0.307
0.199
0.859
0.938
0.045
-0.825
-0.4
0.036
0.346
0.892
-0.69
-0.927
0.74
0.61
0.531
-0.063
0.356
-0.177
-0.616
-0.218
0.574
0.604
0.922
0.775
0.364
0.042
0.448
-0.634
0.846
0.425
0.189
-0.132
0.267
0.235
0.798
0.141
-0.573
-0.117
-0.514
0.81
0.687
0.112
-0.607
-0.913
-0.732
-0.114
0.348
-0.552
0.369
0.724
0.514
-0.149
0.291
0.977
0.771
-0.324
0.371
-0.674
0.115
-0.287
-0.124
-0.122
0.326
0.692
-0.063
-0.707
0.508
0.503
0.908
-0.212
-0.072
0.081
0.784
0.408
-0.957
-0.585
0.708
0.171
0.748
-0.177
-0.579
-0.992
0.992
-0.727
0.286
-0.021
-0.24
0.074
-0.843
0.94
-0.015
-0.969
-0.161
0.514
-0.376
0.49
0.535
-0.522
0.936
-0.944
0.727
0.025
-0.693
-0.483
0.187
-0.443
0.677
-0.561
-0.232
0.014
-0.32
0.648
-0.472
-0.822
-0.69
0.254
0.127
-0.873
0.986
-0.041
-0.361
0.458
-0.951
-0.132
0.329
0.924
0.523
0.77
-0.762
-0.14
-0.936
-0.456
-0.231
-0.312
-0.253
0.606
-0.621
0.649
0.084
-0.323
0.104
-0.677
-0.009
-0.956
0.726
-0.337
-0.312
0.99
0.227
-0.165
0.581
-0.865
0.141
0.041
0.722
0.172
-0.029
0.04
0.564
-0.305
0.116
0.415
0.991
0.387
0.924
-0.202
0.218
0.491
-0.303
-0.462
0.946
-0.303
1.0
0.705
-0.568
0.656
0.967
-0.446
0.329
0.539
-0.833
0.639
-0.383
0.413
0.9
-0.93
0.223
-0.415
-0.771
0.424
0.958
0.025
-0.307
-0.102
-0.171
0.064
-0.182
-0.839
0.959
0.993
-0.652
-0.518
-0.126
0.397
-0.937
0.671
0.277
-0.461
0.742
0.322
-0.366
0.096
0.958
-0.903
0.417
0.699
0.385
-0.72
0.194
0.572
-0.163
0.165
-0.493
-0.375
0.617
-0.021
-0.102
-0.754
-0.251
0.041
-0.538
0.616
-0.233
-0.523
-0.383
0.649
0.808
0.921
-0.97
0.508
0.051
-0.751
-0.507
-0.437
-0.192
-0.059
0.874
-0.883
0.418
0.708
-0.285
-0.502
-0.557
-0.398
-0.709
0.103
-0.499
-0.945
-0.535
0.641
-0.165
0.767
0.887
-0.513
0.12
0.762
0.163
-0.664
-0.504
0.975
-0.401
0.735
0.59
0.484
0.444
0.58
0.695
-0.875
-0.664
0.011
-0.575
0.066
-0.014
-0.746
-0.828
-0.977
0.65
-0.837
0.923
0.968
0.491
-0.099
-0.448
-0.175
-0.309
-0.207
0.452
0.785
-0.685
-0.515
-0.58
-0.909
0.708
0.023
-0.866
-0.107
-0.099
0.556
0.523
-0.731
0.254
0.019
-0.973
-0.705
0.334
-0.266
0.927
0.004
0.377
-0.733
-0.041
0.468
0.667
-0.601
-0.206
-0.053
-0.119
-0.049
-0.408
0.617
0.826
-0.302
0.276
-0.239
0.158
0.391
0.003
0.349
0.514
0.687
-0.622
-0.567
0.029
0.019
0.615
0.035
0.8
0.555
0.013
0.653
-0.048
-0.317
-0.133
-0.088
0.301
-0.896
0.459
0.936
-0.082
-0.862
-0.597
-0.794
-0.487
0.588
-0.998
0.747
0.879
-0.63
-0.653
0.932
-0.279
0.624
-0.982
0.982
-0.967
0.215
0.857
0.663
-0.379
0.644
-0.214
-0.0
-0.273
-0.291
0.164
0.564
0.399
0.536
-0.971
0.063
-0.294
-0.583
0.842
-0.606
-0.631
-0.642
0.316
0.223
0.011
0.174
0.881
0.722
0.812
-0.892
0.795
-0.937
0.295
0.862
0.005
-0.161
-0.337
0.832
0.852
0.238
0.429
-0.322
-0.724
0.958
0.314
-0.451
0.954
0.218
-0.339
0.792
-0.844
0.608
-0.681
-0.785
-0.482
0.43
0.216
-0.157
-0.682
0.848
0.533
0.373
0.626
0.548
-0.775
0.547
0.677
0.494
-0.035
0.373
-0.8
0.529
-0.476
0.57
0.271
0.018
0.072
-0.851
-0.918
-0.97
0.551
-0.723
-0.754
-0.23
0.955
0.772
-0.373
0.64
-0.83
-0.216
0.158
0.972
-0.903
-0.175
0.839
-0.945
0.198
-0.201
0.121
0.407
-0.187
0.784
0.911
0.97
-0.89
0.674
0.757
-0.709
0.883
-0.746
-0.585
0.911
0.662
0.153
-0.424
-0.495
-0.194
-0.982
0.273
-0.897
0.548
-0.86
-0.979
-0.431
0.545
0.665
0.015
0.877
-0.771
-0.336
0.481
-0.353
-0.709
0.157
-0.875
-0.254
-0.492
-0.336
-0.03
0.071
-0.831
-0.369
-0.233
-0.193
-0.04
-0.148
-0.852
-0.561
0.289
0.658
0.023
-0.704
-0.859
-0.688
-0.232
0.13
0.329
0.049
0.131
-0.296
0.331
0.454
-0.196
0.63
0.488
0.809
-0.067
-0.31
0.554
-0.925
-0.232
0.954
-0.315
0.025
-0.5
-0.846
-0.778
-0.13
0.238
0.091
0.037
-0.777
-0.919
-0.283
0.885
-0.64
-0.461
-0.034
0.828
0.894
-0.997
0.296
-0.528
0.309
0.486
0.774
0.367
0.694
0.569
-0.679
-0.913
0.478
0.052
0.996
-0.67
-0.229
-0.424
0.757
-0.033
0.827
0.414
0.998
0.2
0.952
-0.653
-0.117
0.157
0.957
0.136
0.731
0.257
0.025
-0.217
-0.263
-0.41
-0.577
0.925
0.073
0.732
0.77
0.885
-0.524
-0.325
0.266
-0.356
-0.712
0.52
0.101
0.073
0.421
-0.771
0.844
-0.04
0.384
0.201
0.21
0.42
-0.822
-0.007
-0.579
-0.221
0.023
-0.292
-0.187
0.462
-0.913
0.913
0.208
-0.673
0.114
-0.838
0.003
0.377
-0.16
-0.372
0.347
0.871
0.747
-0.229
0.727
-0.77
-0.883
0.966
0.526
0.23
0.118
-0.382
0.798
0.706
-0.037
-0.559
0.353
0.452
0.991
0.581
-0.818
0.98
0.709
0.165
-0.338
0.466
0.193
-0.808
0.127
-0.96
0.577
0.647
0.46
-0.817
0.176
-0.217
-0.743
0.784
0.885
0.845
0.062
0.729
-0.604
-0.409
0.817
0.181
-0.548
-0.74
-0.543
-0.008
-0.393
0.469
-0.457
-0.843
0.796
0.328
0.948
-0.636
0.741
-0.966
0.076
-0.041
-0.748
0.63
-0.458
0.797
0.399
0.705
0.733
0.584
0.473
-0.992
-0.713
-0.586
0.155
-0.993
-0.746
-0.03
-0.918
-0.363
-0.56
-0.651
-0.367
0.762
-0.537
0.298
0.468
0.351
-0.623
-0.3
-0.456
0.077
0.938
-0.564
0.105
-0.869
-0.249
0.908
0.817
-0.81
0.705
0.431
0.836
-0.078
-0.155
0.792
0.072
0.523
-0.645
-0.863
-0.119
-0.346
0.024
-0.311
0.725
0.471
-0.232
-0.748
0.42
0.082
-0.696
-0.93
0.233
0.032
0.151
-0.168
-0.063
-0.217
-0.825
0.071
-0.757
0.347
0.499
-0.664
-0.597
-0.519
0.197
-0.187
0.775
0.096
0.051
-0.563
-0.818
0.849
-0.801
-0.74
-0.609
0.154
0.278
-0.137
-0.21
0.282
-0.476
0.601
0.28
0.206
-0.942
-0.309
0.538
-0.588
0.289
0.949
-0.119
0.036
-0.576
-0.986
-0.527
-0.056
0.209
0.672
-0.42
-0.342
0.441
0.329
0.429
0.755
-0.823
-0.751
-0.007
0.225
0.308
-0.54
-0.728
0.843
-0.52
-0.964
-0.434
0.034
0.267
0.478
-0.709
0.016
-0.36
0.449
-0.281
0.622
-0.617
0.989
0.043
-0.152
0.451
-0.242
-0.929
-0.118
-0.424
0.322
0.053
0.66
-0.021
-0.689
-0.703
0.145
-0.47
-0.577
0.884
-0.721
0.832
0.072
0.874
0.678
-0.402
-0.06
-0.829
-0.267
0.853
-0.798
-0.509
-0.915
0.722
0.367
0.179
-0.069
-0.48
0.172
0.405
0.586
-0.675
0.251
0.358
0.162
0.456
0.036
0.909
0.3
0.256
-0.974
-0.713
0.202
0.534
-0.711
0.274
-0.691
0.526
0.642
0.241
-0.864
-0.441
-0.461
-0.064
0.56
0.157
0.984
0.416
-0.717
0.958
-0.883
-0.334
0.275
-0.219
-0.956
-0.407
-0.516
0.552
0.185
-0.712
0.745
-0.574
-0.361
0.749
0.53
-0.158
0.039
0.958
0.422
0.431
0.312
0.976
0.848
-0.404
-0.11
0.271
-0.526
0.295
0.807
-0.387
-0.264
-0.1
-0.227
0.287
-0.896
0.553
-0.429
0.244
-0.152
0.223
0.138
0.035
-0.679
-0.985
-0.786
-0.23
-0.486
-0.03
-0.058
0.031
-0.735
-0.005
0.901
-0.656
-0.969
-0.322
0.417
0.722
-0.781
-0.938
-0.38
0.244
0.841
-0.339
0.559
-0.745
0.282
-0.5
0.522
0.824
-0.117
0.374
-0.292
0.698
-0.18
0.168
0.973
0.115
-0.094
-0.808
0.899
0.05
0.402
0.309
-0.525
0.274
-0.807
-0.885
0.682
0.202
-0.397
0.054
0.116
0.356
-1.0
-0.711
-0.814
0.506
-0.095
-0.603
-0.251
0.339
-0.078
0.092
0.875
-0.199
-0.793
-0.786
0.449
-0.375
-0.77
0.556
0.778
-0.795
0.233
0.481
-0.508
0.673
0.368
-0.111
-0.669
-0.484
0.659
-0.664
0.409
0.142
0.121
-0.967
-0.755
-0.38
0.261
-0.237
-0.487
-0.232
-0.074
0.189
0.119
-0.264
-0.149
0.612
0.178
0.941
0.205
-0.433
0.026
-0.054
0.706
0.475
0.761
0.436
-0.493
-0.454
-0.672
0.758
0.8
-0.353
-0.954
-0.051
0.577
0.406
0.351
-0.958
-0.796
0.458
0.637
-0.636
0.633
0.903
0.203
0.103
-0.934
-0.172
-0.066
0.907
-0.118
-0.976
0.134
-0.864
0.984
0.319
0.438
0.387
0.882
-0.19
-0.442
-0.843
-0.954
-0.046
0.487
0.478
-0.994
0.233
0.664
0.734
0.539
-0.162
0.408
0.403
-0.872
-0.922
-0.308
0.287
-0.238
0.29
0.523
0.543
-0.434
0.943
0.108
0.256
0.27
0.347
-0.692
0.349
-0.137
0.937
0.428
0.948
0.982
0.668
0.172
0.201
-0.061
-0.261
-0.163
0.827
0.293
-0.66
-0.925
-0.122
-0.118
-0.868
-0.546
-0.337
-0.247
0.25
-0.688
0.644
-0.006
-0.862
-0.801
0.886
-0.936
0.298
-0.642
0.308
0.975
0.836
-0.125
-0.137
-0.421
-0.119
0.916
-0.924
-0.042
0.791
-0.787
-0.767
0.63
-0.434
0.596
-0.396
-0.935
0.64
-0.336
-0.077
-0.88
0.302
0.658
-0.56
0.866
0.267
0.096
-0.588
0.752
-0.152
-0.915
0.852
-0.262
-0.411
-0.884
-0.934
-0.914
0.75
0.736
-0.061
-0.838
-0.721
0.895
0.121
0.591
-0.846
-0.869
0.554
-0.768
0.641
0.869
-0.134
-0.77
0.435
-0.109
0.003
0.776
0.08
-0.724
-0.255
0.699
0.023
-0.839
0.013
-0.93
0.759
-0.504
0.458
0.989
0.793
0.057
-0.352
0.397
0.093
0.818
-0.516
0.387
-0.695
-0.19
0.555
-0.271
-0.433
-0.294
-0.253
-0.984
-0.714
0.481
0.386
0.305
-0.726
-0.768
-0.021
-0.032
-0.748
0.932
0.635
0.744
-0.656
0.313
0.626
-0.353
0.971
-0.81
0.586
-0.711
-0.497
-0.621
-0.769
0.342
-0.514
0.599
0.539
0.915
0.549
0.98
0.115
-0.936
-0.336
-0.212
0.933
-0.158
-0.46
0.599
0.84
-0.907
0.962
0.445
0.992
0.297
-0.984
0.357
-0.547
0.977
0.864
0.722
0.417
-0.493
0.853
0.645
0.268
-0.658
-0.602
0.134
0.187
-0.184
0.627
0.357
-0.484
-0.94
0.214
-0.341
0.78
-0.532
0.097
-0.604
0.933
0.286
0.506
0.782
-0.092
0.093
-0.101
0.238
-0.33
0.644
-0.27
0.543
-0.967
-0.273
-0.04
0.802
0.445
0.468
0.273
0.801
0.45
0.263
0.842
0.528
-0.97
0.737
-0.624
0.497
-0.173
-0.215
-0.692
-0.142
0.999
0.655
0.473
0.286
-0.571
-0.874
0.865
0.817
-0.996
0.822
0.498
-0.803
-0.692
-0.647
-0.487
0.806
-0.158
0.077
-0.151
-0.072
-0.498
-0.37
-0.495
-0.43
0.216
-0.953
0.875
0.027
0.004
-0.156
0.462
0.523
0.445
0.931
-0.171
-0.829
0.597
0.425
-0.949
-0.014
0.62
0.897
-0.301
-0.057
-0.11
0.488
0.407
-0.05
-0.63
0.174
-0.95
-0.289
-0.384
-0.867
-0.805
0.577
-0.094
-0.743
0.868
-0.369
-0.12
0.39
-0.691
0.565
0.691
-0.017
0.419
0.447
0.984
0.55
-0.278
0.021
-0.212
0.07
0.792
-0.808
0.788
0.008
-0.709
0.868
-0.611
-0.946
-0.058
0.147
-0.899
0.258
0.126
0.126
-0.838
-0.287
-0.739
-0.064
-0.259
-0.34
0.764
0.248
-0.78
0.315
0.992
-0.269
0.541
0.314
-0.05
-0.191
-0.572
-0.164
-0.466
-0.027
0.339
0.774
-0.709
0.62
0.524
0.256
-0.616
-0.857
-0.726
-0.356
-0.417
0.621
-0.313
-0.675
0.951
0.41
0.607
-0.006
-0.806
0.173
-0.111
-0.364
-0.825
-0.368
-0.455
-0.287
0.427
-0.767
-0.242
0.518
-0.381
0.712
0.728
-0.622
0.299
0.279
-0.66
0.116
-0.05
-0.519
0.426
0.791
0.793
-0.788
-0.242
-0.821
-0.072
0.326
0.414
-0.885
-0.774
0.264
0.67
0.215
-0.812
-0.836
0.161
-0.566
0.495
-0.396
0.652
0.804
0.062
0.405
0.528
0.253
0.294
-0.193
0.786
-0.646
-0.676
0.449
-0.577
0.04
0.803
-0.285
0.471
0.738
0.317
-0.818
0.033
0.594
0.996
-0.083
-0.887
-0.302
-0.001
0.859
-0.87
0.832
-0.12
-0.801
0.503
-0.758
-0.732
-0.526
0.094
0.321
0.721
0.179
0.275
-0.038
0.009
0.326
-0.46
-0.408
0.246
0.243
-0.64
-0.609
0.097
0.666
-0.376
-0.652
-0.903
0.06
0.057
0.225
0.093
0.318
0.74
-0.365
0.592
-0.547
-0.338
-0.011
0.039
0.475
-0.948
0.477
0.612
-0.997
0.124
-0.963
-0.723
0.742
-0.89
0.815
0.335
0.532
0.35
0.517
0.464
0.79
-0.28
-0.234
0.299
0.06
0.357
-0.264
-0.163
-0.216
-0.921
0.474
0.138
0.772
0.476
-0.17
0.551
-0.873
0.272
0.862
0.783
-0.367
-0.439
-0.41
0.773
-0.315
-0.173
-0.341
-0.468
0.74
-0.113
0.068
-0.197
-0.329
-0.193
0.79
-0.439
0.393
-0.572
0.818
-0.066
-0.402
-0.143
0.48
0.713
0.625
-0.74
0.935
-0.045
0.902
-0.658
0.882
-0.614
0.739
-0.459
0.682
-0.672
0.71
0.323
-0.757
0.874
-0.132
-0.633
0.687
-0.891
-0.924
0.474
-0.82
0.493
-0.811
0.879
-0.725
0.126
0.292
-0.268
-0.808
-0.023
-0.329
0.782
-0.594
-0.552
0.194
-0.112
-0.426
-0.719
0.68
-0.809
0.808
0.881
-0.739
0.849
-0.469
0.585
-0.351
-0.109
0.421
0.092
0.509
-0.207
-0.875
-0.313
0.769
0.605
0.852
0.178
-0.344
-0.037
-0.014
-0.51
0.743
-0.882
-0.337
0.956
0.121
0.888
-0.988
0.623
0.251
0.713
0.469
1.0
-0.325
0.488
0.689
0.387
0.583
0.638
-0.456
-0.434
-0.191
-0.952
0.81
0.622
-0.736
0.637
-0.341
0.214
-0.022
-0.111
0.218
0.815
-0.172
-0.947
0.703
0.904
0.614
-0.687
-0.158
0.514
0.727
0.74
0.847
0.283
-0.723
-0.16
0.919
-0.736
0.866
-0.281
0.182
0.627
-0.814
-0.775
-0.043
0.809
0.941
0.309
-0.617
0.587
-0.248
-0.471
0.18
-0.114
0.038
0.941
-0.923
0.747
-0.133
0.691
0.752
0.474
-0.052
0.043
0.192
-0.209
0.427
0.71
-0.326
0.909
0.125
-0.413
-0.675
0.453
-0.438
0.618
0.894
-0.295
-0.244
-0.396
-0.489
0.997
0.655
0.73
-0.945
0.905
0.648
0.647
0.853
-0.177
-0.846
0.139
0.071
-0.568
0.485
0.97
0.433
0.588
0.545
0.621
-0.681
0.211
0.217
0.748
-0.124
-0.48
0.073
-0.013
-0.966
-0.902
-0.624
-0.015
0.317
0.042
0.15
0.984
-0.825
-0.255
0.091
0.581
0.767
0.24
0.311
0.789
0.584
0.162
-0.976
-0.175
-0.858
0.926
0.653
-0.308
-0.799
0.128
-0.296
0.447
0.675
0.194
0.637
-0.983
-0.533
-0.139
-0.07
0.625
-0.649
0.146
0.076
0.296
-0.973
-0.913
-0.818
-0.213
0.196
0.468
0.302
-0.785
0.732
-0.211
0.633
-0.658
-0.239
0.341
0.26
0.038
0.846
0.623
0.192
0.355
-0.17
0.026
0.261
0.675
-0.6
-0.085
-0.632
-0.606
-0.929
-0.762
0.515
-0.34
-0.39
-0.712
0.153
-0.17
-0.889
-0.235
0.615
0.514
0.949
0.715
-0.005
0.585
0.571
-0.18
-0.226
0.12
-0.115
0.246
0.628
0.838
0.287
0.05
-0.568
-0.201
-0.552
0.458
0.081
-0.693
-0.67
-0.944
-0.772
0.238
0.275
0.057
0.579
0.093
-0.487
0.531
-0.267
-0.911
-0.568
-0.111
0.226
0.559
0.723
0.549
0.503
0.179
-0.614
0.332
0.389
-0.464
-0.258
-0.412
0.991
0.394
-0.282
-0.61
-0.319
-0.518
0.662
-0.624
-0.243
0.07
-0.497
-0.662
0.923
0.807
-0.946
0.067
-0.913
-0.133
-0.781
0.609
-0.598
-0.399
-0.828
0.936
0.0
-0.156
0.106
-0.641
0.595
-0.426
0.694
0.478
-0.411
-0.028
-0.411
0.88
0.698
0.078
0.379
-0.845
0.601
-0.283
-0.463
-0.345
0.778
-0.793
0.973
-0.073
0.255
0.013
-0.875
0.531
-0.198
-0.036
0.643
-0.377
-0.718
-0.909
0.38
-0.867
0.187
-0.864
-0.774
-0.212
-0.416
-0.786
0.884
0.893
0.925
0.961
0.819
0.132
-0.191
0.484
0.048
-0.545
0.551
-0.674
0.304
0.9
0.071
-0.709
-0.283
0.022
-0.136
-0.702
0.196
0.76
0.943
-0.637
0.317
-0.956
-0.7
0.027
0.213
-0.504
0.469
0.784
0.94
-0.792
0.367
0.046
0.396
0.867
-0.427
0.763
-0.819
-0.917
0.85
-0.482
0.421
-0.56
0.177
-0.319
0.446
0.49
0.805
0.607
-0.1
-0.745
0.343
-0.122
0.418
0.976
-0.33
-0.113
-0.313
-0.357
-0.515
-0.294
-0.276
-0.283
0.896
-0.25
-0.965
0.93
0.162
-0.384
0.588
-0.956
0.709
-0.762
-0.952
-0.713
0.67
-0.899
0.828
-0.416
-0.606
0.31
-0.515
0.13
0.528
0.335
-0.365
0.267
0.258
-0.959
-0.078
0.265
-0.237
-0.679
0.825
-0.978
0.731
-0.667
0.983
0.821
-0.816
0.535
0.336
0.729
-0.007
-0.376
0.582
0.473
0.073
0.971
0.539
-0.006
0.852
0.012
0.686
-0.9
-0.74
-0.574
-0.536
-0.719
-0.917
0.119
0.18
0.453
0.23
-0.094
-0.1
-0.972
0.233
0.272
0.251
0.923
0.407
-0.579
0.221
0.108
0.346
0.19
0.515
-0.084
0.134
0.851
-0.472
0.325
0.476
0.642
0.147
0.948
0.926
0.027
-0.096
-0.793
0.174
-0.378
0.376
0.432
0.732
0.486
0.619
0.682
0.992
-0.342
0.178
0.114
0.142
0.336
0.874
-0.963
-0.38
-0.075
0.034
0.814
-0.001
-0.527
0.715
0.029
0.569
-0.472
0.89
-0.197
-0.106
-0.046
-0.338
0.517
0.152
0.207
0.202
-0.411
-0.317
-0.818
-0.23
-0.475
-0.303
0.249
0.37
0.497
-0.557
-0.634
0.936
-0.067
-0.048
-0.834
0.374
-0.655
-0.896
-0.498
0.932
-0.335
-0.886
0.341
-0.652
-0.431
-0.048
0.081
-0.394
0.85
0.516
0.254
-0.85
0.636
0.658
0.617
0.662
-0.652
0.798
-0.411
-0.471
-0.996
-0.684
-0.305
-0.533
0.748
-0.905
-0.11
-0.242
0.729
0.671
-0.351
0.356
-0.082
-0.5
0.393
-0.07
0.391
0.476
0.124
-0.471
-0.726
-0.979
-0.154
0.321
0.653
-0.43
-0.864
-0.037
-0.323
-0.331
-0.905
0.04
-0.116
0.415
0.357
-0.235
-0.915
0.943
-0.594
0.478
0.123
-0.94
0.466
0.945
-0.701
0.431
0.144
0.081
-0.133
-0.107
-0.656
-0.279
0.351
0.698
0.472
0.253
-0.542
-0.989
0.717
0.533
0.894
-0.728
0.948
-0.34
0.128
-0.961
0.589
0.87
0.893
-0.69
-0.721
0.096
-0.185
-0.963
-0.424
0.557
0.528
-0.526
0.839
-0.265
0.539
-0.315
0.973
0.352
-0.258
-0.871
-0.625
0.894
0.15
0.6
-0.574
0.049
0.201
0.878
0.011
0.848
-0.363
0.165
0.251
-0.808
-0.669
-0.489
-0.475
-0.63
-0.163
-0.805
-0.701
0.711
-0.641
-0.105
-0.838
0.593
-0.464
0.325
0.639
-0.172
-0.586
-0.685
-0.081
0.189
0.318
0.173
-0.512
-0.997
-0.727
-0.118
0.938
0.135
0.96
0.682
0.992
-0.421
0.38
-0.138
0.742
0.227
-0.192
0.886
0.682
-0.013
-0.15
-0.193
-0.19
-0.38
-0.665
0.661
-0.756
0.246
-0.682
0.736
-0.544
-0.749
-0.964
0.809
0.577
-0.373
0.729
0.016
-0.562
0.135
-0.943
0.391
-0.458
-0.252
0.726
0.247
0.919
-0.547
-0.987
0.704
0.218
-0.734
-0.493
0.894
0.154
0.107
0.542
0.803
-0.22
0.649
0.738
0.91
-0.039
0.785
0.647
-0.061
0.436
-0.73
0.489
-0.208
0.656
-0.31
0.595
-0.42
-0.003
-0.206
0.993
-0.518
0.684
0.616
0.893
0.385
-0.007
0.883
-0.924
0.815
0.484
-0.595
-0.415
0.728
-0.793
-0.459
-0.699
-0.581
-0.739
-0.306
0.746
0.186
-0.682
-0.791
0.996
-0.495
-0.427
-0.629
-0.442
0.889
-0.258
-0.173
-0.331
0.192
0.049
-0.479
-0.785
0.109
0.115
-0.887
-0.317
-0.152
-0.032
-0.365
0.339
0.603
-0.761
-0.156
0.335
0.185
0.745
0.741
0.091
0.776
0.613
-0.699
-0.981
-0.227
-0.27
-0.944
0.621
0.033
0.952
0.667
0.616
-0.202
0.887
0.427
-0.79
0.108
-0.578
0.285
-0.195
-0.918
0.799
0.839
0.273
-0.584
-0.177
0.389
-0.768
-0.586
-0.819
0.868
0.51
-0.725
-0.529
0.315
0.947
-0.569
0.696
-0.13
0.715
-0.977
0.045
-0.163
0.575
0.922
-0.797
0.506
-0.274
0.763
0.728
0.995
0.019
-0.002
-0.576
-0.898
0.811
-0.784
-0.136
-0.797
-0.925
-0.344
-0.771
-0.434
0.986
-0.519
0.576
0.578
-0.87
-0.217
-0.702
-0.351
-0.739
-0.724
0.429
-0.892
-0.047
0.104
-0.151
-0.505
0.246
-0.805
-0.651
-0.409
-0.102
-0.596
0.299
-0.476
-0.042
0.61
0.338
0.205
0.665
-0.192
-0.14
-0.219
-0.738
0.193
-0.02
0.596
0.217
-0.309
0.719
-0.447
-0.389
0.739
0.96
-0.577
-0.551
0.159
-0.951
0.63
-0.147
0.462
-0.949
0.589
0.097
-0.956
-0.904
-0.186
0.246
-0.094
0.287
0.801
-0.236
-0.159
0.59
-0.913
-0.322
-0.875
0.307
0.349
0.328
0.241
0.492
-0.972
0.26
0.261
0.669
0.509
-0.931
0.184
-0.176
-0.441
-0.783
-0.757
-0.689
-0.522
-0.034
0.209
-0.48
-0.592
0.044
-0.024
-0.85
-0.543
-0.212
0.868
-0.084
-0.508
0.748
0.996
-0.689
0.745
-0.018
-0.487
0.624
0.099
0.105
0.395
-0.219
0.401
0.483
0.618
-0.904
-0.387
0.166
0.332
0.193
0.606
-0.336
0.28
0.066
0.685
-0.402
0.069
-0.525
0.849
0.926
-0.393
0.725
-0.131
-0.416
-0.239
0.487
0.968
0.661
0.686
-0.393
-0.61
-0.515
0.886
-0.672
-0.574
0.587
0.734
-0.51
0.046
-0.271
0.726
0.171
-0.047
0.359
0.97
0.278
0.616
0.623
-0.47
-0.22
-0.602
0.208
0.573
-0.168
-0.334
-0.146
0.443
-0.919
0.849
0.322
0.145
-0.972
-0.828
-0.698
0.233
0.118
-0.672
0.719
-0.336
-0.721
-0.416
0.502
-0.027
0.276
-0.461
0.241
-0.507
-0.974
0.434
-0.116
-0.397
0.052
-0.238
0.615
0.941
0.304
-0.923
0.308
-0.982
-0.201
-0.817
0.727
-0.948
0.356
-0.076
0.018
-0.482
-0.246
-0.134
-0.1
-0.023
0.67
0.262
0.721
0.031
0.047
0.258
0.424
0.469
0.118
-0.2
-0.445
0.475
-0.881
0.914
0.98
0.794
0.774
0.915
0.202
0.671
-0.629
-0.082
-0.954
-0.291
-0.13
-0.653
0.426
-0.647
-0.679
0.499
0.82
0.85
0.734
-0.603
0.21
0.064
-0.898
-0.54
0.145
0.718
0.51
0.624
-0.09
0.907
0.223
-0.442
-0.338
-0.251
-0.739
0.286
0.073
0.647
-0.805
-0.693
-0.324
-0.566
-0.498
-0.296
-0.292
0.015
0.479
0.039
0.782
-0.874
0.313
0.323
0.864
0.151
0.421
-0.081
-0.852
-0.801
-0.089
0.255
-0.236
-0.631
0.736
0.916
-0.312
-0.443
-0.718
0.948
0.133
0.092
-0.373
0.601
-0.623
0.332
0.34
0.872
0.667
-0.111
0.447
0.014
-0.727
0.08
0.439
0.855
0.112
-0.47
0.027
0.39
-0.431
-0.737
-0.614
-0.399
-0.586
-0.411
-0.916
-0.127
0.383
-0.979
-0.667
-0.793
-0.162
0.749
-0.462
-0.197
-0.292
-0.69
-0.817
-0.57
-0.916
-0.213
0.52
-0.443
0.978
0.008
0.513
0.136
0.135
0.563
0.569
-0.589
-0.679
-0.632
-0.537
-0.843
-0.537
-0.205
0.26
-0.945
0.229
0.42
0.783
0.312
0.135
-0.404
-0.236
0.226
0.606
-0.303
0.332
-0.272
0.238
-0.911
-0.798
0.318
0.715
-0.379
0.481
0.544
-0.864
0.341
-0.13
-0.599
-0.591
0.643
0.354
-0.189
-0.054
-0.678
0.978
0.05
-0.852
-0.174
0.756
-0.36
0.465
-0.84
0.535
0.225
-0.089
-0.614
-0.021
0.591
-0.898
-0.499
-0.416
-0.411
0.336
0.859
0.18
0.312
-0.014
-0.056
0.442
0.368
-0.267
-0.04
-0.86
-0.384
0.505
0.962
-0.073
-0.115
-0.711
0.379
0.777
-0.871
0.296
-0.582
-0.729
0.33
-0.428
-0.838
0.459
0.745
0.169
0.535
0.382
0.076
-0.088
0.111
-0.444
-0.99
0.284
0.801
-0.296
-0.126
0.403
-0.934
-0.503
0.541
0.304
-0.907
-0.249
0.194
-0.766
0.881
-0.652
0.212
-0.866
-0.497
-0.709
0.524
0.959
0.784
-0.566
0.281
0.815
0.316
-0.877
-0.102
-0.336
0.292
-0.877
0.318
-0.904
-0.888
-0.543
0.727
0.536
-0.472
-0.981
-0.477
0.866
0.111
-0.84
0.45
0.258
0.695
0.96
0.694
0.357
0.755
0.241
-0.577
0.03
-0.402
-0.504
-0.629
-0.865
-0.429
0.753
0.017
0.06
-0.778
0.915
-0.759
0.93
-0.627
-0.902
0.882
-0.938
-0.456
0.319
0.145
0.465
-0.369
0.505
-0.889
-0.934
-0.533
0.655
-0.776
0.47
0.885
0.942
-0.817
-0.488
-0.885
0.524
-0.153
-0.47
0.803
0.182
0.952
0.362
-0.779
-0.73
-0.764
-0.276
0.577
0.835
-0.892
-0.183
0.883
0.598
-0.44
0.795
-0.724
-0.329
-0.591
-0.152
0.068
-0.854
-0.648
0.237
0.68
-0.822
0.913
0.002
0.55
-0.883
-0.285
-0.076
0.129
0.926
0.011
0.827
0.936
0.788
-0.297
0.736
-0.374
0.437
0.394
0.204
0.8
0.589
0.627
-0.152
0.772
0.458
-0.369
-0.156
-0.522
0.702
-0.253
-0.25
-0.224
0.119
-0.436
0.639
0.339
0.584
-0.863
-0.247
-0.585
-0.613
-0.326
0.705
-0.245
-0.874
0.695
0.573
0.097
-0.907
-0.694
-0.285
-0.17
-0.4
0.535
0.935
-0.145
-0.658
-0.097
-0.724
-0.072
-0.182
0.964
-0.295
-0.756
0.862
0.407
0.392
-0.349
-0.593
0.425
-0.421
0.23
-0.812
-0.124
0.271
0.101
0.277
-0.539
-0.09
-0.869
-0.848
-0.586
0.295
0.59
0.197
-0.288
-0.985
0.39
0.701
-0.981
0.235
-0.311
-0.179
0.467
-0.133
0.099
0.386
0.32
-0.048
0.073
0.29
-0.973
-0.954
-0.069
0.415
0.902
0.053
0.348
0.842
-0.801
-0.745
-0.047
0.134
-0.392
-0.227
0.739
0.063
0.146
0.857
0.19
-0.076
-0.644
-0.618
0.011
-0.909
0.018
0.762
-0.223
0.677
0.503
0.627
-0.324
0.22
0.306
-0.801
-0.66
0.344
0.442
-0.919
-0.029
-0.041
-0.151
0.526
0.941
-0.937
0.859
0.473
-0.235
-0.529
0.175
0.07
0.897
0.949
0.557
0.756
0.384
0.571
0.067
0.402
-0.126
0.843
0.831
0.993
-0.487
-0.566
0.233
-0.261
-0.207
0.545
0.352
0.708
0.617
-0.02
-0.791
-0.156
0.579
-0.266
0.685
-0.202
0.636
0.518
0.343
-0.986
0.851
-0.266
-0.815
-0.975
0.722
-0.163
0.173
0.969
0.87
0.26
0.463
0.287
-0.161
-0.768
-0.586
-0.404
-0.572
0.863
-0.59
-0.529
0.392
0.942
0.275
-0.414
0.63
-0.687
0.298
-0.012
0.504
-0.028
0.243
-0.994
0.687
0.449
-0.605
0.893
0.98
0.257
0.672
0.98
-0.39
-0.63
-0.353
0.934
-0.408
-0.098
0.702
-0.645
-0.092
-0.472
-0.161
0.922
-0.125
-0.877
0.785
0.715
-0.314
-0.902
-0.011
0.282
-0.122
-0.865
-0.813
0.497
0.07
0.299
-0.409
-0.127
-0.317
0.31
-0.09
-0.777
0.358
0.947
-0.175
-0.934
0.083
0.275
-0.291
0.799
0.901
-0.059
0.008
-0.149
0.369
-0.882
-0.39
0.6
-0.611
0.077
-0.565
-0.77
-0.19
0.098
-0.475
-0.32
-0.097
0.459
-0.701
0.177
0.196
0.948
0.211
-0.187
-0.036
0.227
0.065
0.348
-0.413
-0.507
0.956
0.883
0.479
0.963
0.987
-0.458
-0.309
0.843
0.434
-0.702
0.577
-0.613
-0.589
0.227
-0.583
-0.237
-0.674
0.379
0.23
0.814
-0.809
0.972
-0.385
-0.942
-0.301
0.895
-0.42
-0.015
-0.449
0.353
-0.257
0.849
-0.782
0.253
0.975
-0.262
0.07
0.547
-0.709
-0.05
0.71
0.76
0.054
0.596
0.068
0.363
0.621
-0.848
-0.813
-0.911
0.796
-0.561
0.011
-0.288
-0.221
-0.303
0.735
-0.789
0.483
0.006
0.171
-0.06
0.548
0.086
-0.179
-0.176
-0.15
0.105
-0.512
0.954
0.72
-0.326
0.064
0.297
-0.013
-0.655
0.288
0.334
0.174
0.042
-0.062
0.956
-0.804
0.771
-0.996
0.517
-0.081
0.064
-0.898
0.91
-0.638
0.653
0.992
0.774
0.273
-0.696
0.185
0.352
0.858
0.372
-0.677
-0.924
0.615
-0.295
-0.328
-0.301
0.846
0.672
0.582
-0.029
0.969
0.157
0.777
0.935
0.203
0.186
0.926
-0.939
0.077
-0.763
0.638
0.871
0.122
-0.402
0.802
-0.795
0.578
-0.917
0.553
0.527
0.582
0.326
-0.636
0.645
-0.552
0.658
0.254
0.685
0.076
-0.973
0.846
0.135
-0.107
-0.086
0.132
0.564
-0.367
-0.143
-0.619
-0.04
0.554
-0.915
0.695
-0.681
-0.673
-0.576
0.481
0.373
0.696
-0.622
0.808
-0.678
-0.679
-0.158
-0.329
0.52
0.351
-0.881
-0.78
0.05
-0.792
0.124
0.437
0.237
-0.981
0.872
-0.491
-0.084
0.049
0.955
-0.382
0.315
0.677
0.129
-0.554
-0.444
-0.738
0.464
-0.009
-0.341
0.836
-0.601
-0.746
0.241
-0.213
-0.242
0.178
0.218
-0.962
-0.803
-0.905
-0.932
-0.577
0.821
-0.847
-0.613
0.153
-0.243
0.332
-0.586
0.379
-0.85
-0.293
-0.145
0.228
-0.965
-0.936
-0.77
0.203
-0.121
0.386
-0.105
-0.985
-0.508
0.864
0.665
0.503
-0.367
0.443
-0.447
-0.934
-0.218
0.386
-0.513
0.977
-0.368
0.249
-0.789
-0.823
0.602
0.196
-0.788
-0.217
0.256
0.608
-0.123
-0.083
0.752
0.176
0.543
0.097
0.385
0.614
0.667
-0.632
0.409
0.427
-0.134
-0.393
-0.586
0.883
0.371
0.846
0.278
-0.381
0.564
0.731
0.632
0.088
-0.002
0.639
0.413
-0.833
0.518
0.636
0.01
-0.556
-0.095
-0.006
0.651
-0.009
0.729
-0.151
-0.645
-0.18
0.599
0.219
0.826
0.419
0.393
0.847
0.438
0.089
0.734
0.841
0.853
-0.547
-0.001
0.277
-0.9
-0.173
0.209
0.682
-0.916
-0.358
-0.369
-0.674
-0.35
0.983
-0.019
-0.854
0.571
0.972
0.843
0.22
-0.195
0.642
0.146
-0.643
0.329
-0.049
0.398
-0.588
-0.42
-0.391
-0.419
0.407
-0.298
0.331
-0.969
-0.95
-0.063
0.833
-0.906
-0.829
1.0
-0.378
-0.852
-0.875
-0.84
-0.552
0.176
-0.931
0.68
0.883
-0.333
0.66
0.217
-0.952
0.657
0.95
0.467
0.457
-0.192
0.711
-0.948
-0.288
0.658
-0.659
-0.62
-0.895
-0.942
0.774
0.541
0.088
0.69
-0.697
0.97
0.444
0.637
-0.485
-0.962
0.225
0.5
0.856
-0.702
-0.552
0.226
0.63
-0.406
-0.217
0.393
-0.844
-0.047
-0.464
-0.933
-0.268
-0.404
0.789
0.131
-0.533
-0.386
0.049
0.977
-0.452
-0.244
-0.776
-0.846
-0.606
0.299
0.369
0.647
0.653
-0.452
-0.257
0.89
0.048
0.292
0.404
0.846
-0.18
0.55
-0.111
-0.316
0.474
0.228
-0.38
0.175
-0.789
0.83
-0.937
-0.857
0.392
0.57
0.868
-0.155
0.882
0.005
-0.818
-0.409
-0.009
0.762
-0.881
0.084
0.1
0.731
-0.258
-0.052
0.329
-0.547
0.272
-0.101
-0.519
-0.5
0.186
0.356
-0.433
-0.228
0.932
-0.309
0.183
-0.086
-0.17
-0.538
-0.253
0.66
-0.092
0.993
0.907
-0.481
-0.74
0.413
-0.928
-0.609
-0.415
-0.524
-0.082
0.905
-0.026
-0.358
-0.64
0.007
-0.993
-0.558
0.076
0.732
-0.254
-0.335
-0.38
0.727
0.028
0.798
0.348
-0.487
-0.225
-0.832
-0.885
0.859
0.171
0.643
-0.544
0.121
0.079
-0.745
0.626
0.881
0.843
-0.655
0.168
0.879
0.981
-0.006
0.772
0.723
0.757
0.357
0.875
0.362
-0.76
-0.58
-0.559
-0.69
0.032
-0.388
-0.41
-0.314
-0.73
-0.044
0.777
0.024
0.526
-0.222
0.983
-0.304
-0.386
0.357
0.399
-0.246
-0.182
-0.578
0.23
-0.489
0.044
-0.9
-0.037
0.73
-0.175
0.195
-0.652
-0.969
-0.496
-0.648
0.636
-0.454
0.933
0.417
0.695
-0.795
-0.186
-0.339
-0.589
0.842
0.567
-0.672
0.205
0.647
-0.231
0.648
0.07
0.474
0.625
-0.805
0.556
-0.095
0.689
-0.727
-0.393
0.069
0.306
-0.318
0.359
0.863
-0.329
-0.865
-0.273
-0.971
-0.706
0.329
-0.447
-0.746
0.824
-0.676
-0.318
0.003
0.725
0.511
0.18
0.957
0.029
-0.61
-0.023
-0.254
-0.211
-0.009
0.643
0.093
0.405
0.879
-0.758
0.456
0.583
0.242
0.465
-0.368
-0.805
-0.699
0.67
-0.01
-0.64
-0.081
0.053
-0.039
-0.948
-0.626
0.201
-0.319
0.553
-0.381
0.577
0.13
-0.354
-0.395
-0.19
-0.852
0.561
0.837
0.28
0.178
0.571
-0.812
0.494
0.372
-0.693
0.131
0.606
-0.516
-0.842
-0.794
-0.386
-0.232
0.668
-0.046
0.527
-0.528
0.398
0.952
-0.173
0.724
-0.888
-0.844
-0.922
0.72
0.664
0.491
0.761
-0.396
0.547
0.767
0.202
0.598
0.668
0.31
0.599
0.79
-0.57
-0.586
0.233
0.763
0.634
0.634
-0.689
-0.472
0.872
0.449
0.448
0.688
0.358
-0.414
0.765
-0.338
0.892
0.295
-0.61
0.711
0.59
0.765
0.294
-0.71
-0.853
-0.736
0.058
-0.033
0.17
-0.11
0.431
0.078
0.301
0.712
-0.829
0.699
-0.524
0.94
-0.085
-0.167
0.947
0.113
-0.912
0.785
-0.45
-0.197
-0.711
0.99
0.284
0.809
0.24
0.727
0.747
0.915
0.52
0.906
0.333
0.481
0.851
0.885
0.957
-0.992
0.17
0.921
0.298
-0.616
-0.692
-0.328
0.055
-0.183
-0.262
-0.824
0.288
-0.224
0.022
-0.896
0.99
-0.412
0.422
0.604
-0.66
-0.253
-0.295
-0.657
0.313
0.509
0.301
0.473
-0.813
-0.17
-0.004
0.937
-0.092
0.078
0.05
-0.643
-1.0
0.782
0.863
-0.965
-0.693
0.761
0.141
-0.829
0.045
0.607
-0.48
-0.149
0.475
-0.215
-0.992
-0.43
0.105
0.376
-0.169
-0.365
0.409
0.95
0.734
-0.013
-0.745
0.321
-0.58
-0.546
0.256
-0.554
0.424
0.008
-0.134
0.607
-0.075
0.442
0.239
0.489
0.784
-0.573
0.356
-0.991
-0.568
0.483
-0.385
-0.565
0.115
0.775
0.082
-0.574
-0.414
-0.741
-0.338
-0.899
0.308
0.062
-0.778
-0.906
-0.706
0.722
0.926
-0.39
-0.118
-0.619
0.454
0.018
-0.975
-0.533
-0.984
-0.125
0.742
0.761
0.206
0.919
0.823
0.021
-0.213
-0.369
-0.666
0.102
-0.052
-0.98
-0.932
-0.565
-0.48
-0.1
0.805
0.847
-0.46
0.357
0.112
0.8
-0.395
-0.112
0.19
-0.161
-0.164
-0.599
0.483
0.627
0.303
0.126
0.761
0.72
-0.96
0.358
-0.959
-0.186
-0.598
-0.59
-0.129
-0.908
0.449
-0.017
0.745
-0.454
0.935
0.926
-0.234
-0.691
-0.75
-0.862
-0.916
0.737
-0.272
-0.065
-0.128
0.604
-0.198
-0.286
0.357
-0.233
0.315
-0.084
0.136
-0.195
-0.493
0.887
0.177
0.272
-0.427
0.272
0.105
0.163
0.078
-0.485
0.309
-0.839
-0.378
-0.393
-0.131
-0.995
-0.591
0.708
0.584
-0.973
0.213
0.03
-0.805
0.483
-0.276
-0.236
-0.268
0.217
0.667
0.685
-0.375
0.795
-0.883
0.246
0.401
0.911
-0.166
-0.171
0.255
-0.32
0.937
-0.304
-0.706
-0.321
-0.491
0.997
0.777
0.468
-0.452
-0.437
-0.696
0.17
-0.559
-0.791
0.802
-0.462
0.252
-0.741
-0.431
-0.723
-0.448
-0.981
-0.276
0.878
0.252
0.898
-0.097
-0.881
-0.693
-0.026
-0.544
-0.817
-0.475
-0.064
-0.159
0.499
0.881
0.086
-0.818
-0.765
-0.193
-0.828
0.087
0.419
-0.421
0.044
0.958
-0.667
0.859
-0.17
0.761
-0.252
0.836
0.763
0.661
-0.341
-0.481
-0.803
0.559
-0.199
-0.07
-0.809
-0.861
0.683
0.117
-0.669
-0.621
-0.28
-0.468
-0.727
-0.985
0.91
-0.111
0.323
0.131
0.403
0.781
-0.342
0.314
-0.97
-0.407
-0.948
-0.113
0.714
0.786
0.342
0.692
-0.054
-0.835
-0.07
0.436
-0.55
-0.744
0.969
-0.107
0.297
0.985
0.396
-0.172
0.08
-0.007
-0.098
0.135
-0.382
-0.77
0.926
0.808
0.375
-0.118
0.781
-0.069
0.286
0.851
-0.643
0.531
0.868
-0.178
0.122
-0.338
0.862
-0.329
-0.513
-0.216
-0.806
-0.681
-0.806
0.423
-0.336
-0.925
0.382
-0.402
0.621
0.836
0.171
0.864
0.846
-0.215
0.425
-0.96
0.265
0.937
0.139
-0.406
0.079
-0.236
-0.409
-0.102
-0.549
-0.052
-0.523
-0.964
-0.956
-0.153
-0.403
-0.922
0.633
-0.804
-0.384
0.645
0.47
-0.143
0.534
-0.481
-0.156
0.623
-0.377
0.608
-0.126
0.407
-0.641
-0.091
-0.732
0.127
-0.742
0.885
0.845
-0.446
-0.366
-0.991
0.991
0.154
-0.364
0.992
-0.467
0.303
-0.145
-0.76
-0.486
0.411
-0.537
-0.372
-0.64
-0.925
-0.895
-0.609
-0.811
0.374
0.769
-0.01
-0.387
0.009
0.432
0.263
-0.68
0.546
0.798
0.005
0.389
0.163
-0.668
-0.231
0.928
-0.893
0.529
0.237
0.138
-0.014
-0.7
0.219
0.888
0.016
0.698
0.369
-0.655
0.642
-0.661
0.885
-0.679
-0.177
0.653
-0.279
0.233
0.326
-0.419
-0.19
0.17
0.001
0.876
0.448
-0.828
0.37
0.185
0.053
-0.351
0.555
0.818
-0.351
-0.033
0.433
0.522
-0.435
0.149
0.75
-0.857
0.655
0.403
0.654
0.777
0.488
0.332
-0.811
0.143
-0.932
-0.127
-0.831
0.217
-0.935
0.473
0.333
-0.832
-0.738
0.547
0.49
0.816
-0.297
-0.586
0.909
-0.054
0.133
-0.818
0.613
-0.554
0.901
-0.074
-0.684
0.207
-0.5
-0.774
-0.028
0.008
0.423
0.801
-0.565
0.65
-0.093
-0.748
0.502
-0.228
0.12
-0.994
-0.505
0.158
-0.938
-0.737
0.049
-0.559
0.409
0.785
-0.671
-0.257
-0.857
0.879
0.425
-0.712
-0.535
0.228
-0.402
-0.685
0.67
-0.448
0.402
-0.206
-0.523
0.73
0.407
-0.174
0.254
-0.726
0.95
0.504
0.647
-0.588
0.679
-0.364
-0.319
0.335
0.748
0.365
-0.419
0.649
-0.73
0.885
0.411
0.123
-0.582
-0.079
-0.153
0.058
0.53
0.647
-0.035
0.231
0.625
0.429
0.197
-0.195
-0.876
0.664
-0.595
0.139
-0.578
-0.992
-0.193
0.082
-0.479
-0.899
0.542
-0.033
-0.891
-0.725
0.405
0.971
0.876
0.923
-0.087
0.318
-0.833
0.176
0.475
0.795
-0.835
-0.172
-0.457
-0.769
-0.531
0.601
0.11
0.095
-0.539
0.651
-0.031
0.669
-0.123
-0.997
-0.547
0.218
-0.666
-0.031
0.196
-0.219
-0.943
-0.876
0.619
-0.01
-0.81
-0.59
-0.357
-0.89
0.214
0.002
0.556
-0.047
0.089
0.608
0.654
-0.347
-0.805
0.795
0.542
-0.961
-0.88
0.727
-0.193
-0.989
0.132
0.993
0.967
-0.512
0.476
-0.629
0.639
0.23
0.634
0.375
0.663
-0.725
-0.459
-0.626
-0.753
-0.556
-0.833
-0.101
-0.31
-0.982
-0.609
0.405
-0.913
-0.963
0.713
0.83
-0.926
-0.48
-0.283
0.162
0.254
0.929
-0.459
-0.197
-0.248
0.677
-0.614
0.819
0.324
-0.022
0.439
-0.607
-0.912
0.731
-0.287
0.747
0.247
0.164
0.765
-0.392
-0.234
0.69
0.815
0.572
0.838
0.101
-0.653
0.696
0.767
-0.392
0.334
-0.962
0.852
-0.306
0.128
0.368
0.647
0.414
-0.346
0.861
-0.554
0.494
0.014
-0.493
0.026
-0.37
0.042
-0.583
-0.471
-0.511
0.723
-0.217
0.714
-0.242
-0.359
0.328
-0.191
0.637
0.294
0.4
0.94
0.69
-0.317
-0.081
0.732
0.786
0.078
0.091
-0.833
-0.574
-0.763
-0.349
-0.968
0.015
-0.999
-0.281
-0.796
-0.514
0.328
-0.471
-0.988
0.651
0.078
0.765
-0.463
-0.36
-0.938
0.015
0.79
-0.996
0.155
-0.519
0.374
0.851
-0.031
0.754
-0.229
-0.565
-0.155
0.317
0.605
0.354
-0.856
0.591
-0.735
-0.77
-0.575
-0.652
-0.614
-0.599
0.071
0.721
0.051
0.315
0.565
0.98
-0.451
0.884
-0.609
-0.614
0.592
-0.842
0.802
0.806
0.404
0.393
-0.041
-0.859
-0.308
0.521
0.175
-0.388
-0.656
-0.579
0.068
0.4
0.889
0.561
0.412
0.266
0.996
0.219
0.563
-0.196
-0.721
-0.266
0.585
0.016
-0.009
-0.584
-0.275
0.499
-0.166
-0.649
0.918
0.866
0.721
-0.021
0.973
-0.857
0.31
-0.936
-0.311
0.12
-0.034
-0.127
0.875
0.767
0.781
0.56
-0.597
0.322
-0.26
0.778
-0.311
0.194
0.654
-0.342
-0.757
-0.286
-0.459
-0.298
0.953
0.719
0.169
0.68
0.011
0.862
-0.494
0.802
0.128
-0.778
-0.054
-0.371
-0.557
0.574
-0.663
0.251
0.107
0.096
-0.626
0.403
-0.054
0.116
0.857
0.987
0.219
0.005
0.956
-0.934
-0.671
0.41
-0.371
-0.005
0.246
-0.193
0.182
-0.364
-0.68
0.276
-0.674
-0.662
0.7
0.551
-0.8
0.473
0.646
0.651
0.246
0.076
0.219
-0.359
0.16
0.579
-0.111
-0.783
0.678
-0.415
-0.116
0.317
0.607
0.28
-0.228
-0.787
0.935
-0.005
-0.117
0.525
0.482
0.409
0.959
0.665
0.256
-0.744
0.66
0.031
0.17
0.114
-0.556
0.113
-0.06
0.794
0.882
0.966
0.059
-0.417
-0.811
-0.957
-0.447
-0.921
0.435
-0.044
0.64
0.667
-0.055
-0.036
0.06
0.31
-0.048
0.92
-0.449
-0.924
0.944
-0.825
-0.624
-0.452
0.682
-0.368
0.312
0.693
0.087
-0.544
0.027
-0.954
-0.268
-0.64
-0.196
-0.88
0.34
0.379
0.613
0.192
-0.753
-0.709
0.968
0.392
0.325
-0.025
-0.353
0.7
0.879
-0.501
-0.312
-0.363
0.97
0.152
0.485
-0.333
-0.347
0.49
0.631
-0.714
0.751
0.303
-0.392
-0.609
0.894
0.044
-0.122
-0.388
0.321
-0.982
0.823
0.232
-0.999
-0.877
0.2
-0.519
-0.337
0.747
0.573
0.031
0.754
0.163
-0.44
0.952
-0.881
-0.862
0.792
0.102
0.752
0.587
0.465
0.912
-0.311
0.252
0.812
-0.508
-0.988
0.091
-0.144
-0.205
-0.231
0.352
0.053
-0.116
0.358
-0.282
-0.019
-0.331
0.055
0.812
-0.798
0.249
-0.641
0.847
0.642
-0.19
0.906
-0.885
0.219
-0.292
0.581
0.99
-0.418
0.232
0.305
-0.375
-0.403
-0.798
0.892
-0.012
0.403
0.573
-0.464
-0.611
-0.254
0.22
0.058
-0.769
0.966
0.978
0.696
-0.659
-0.162
0.612
0.977
0.233
-0.644
0.809
-0.408
0.63
0.321
-0.311
0.214
-0.248
0.202
0.566
0.436
0.164
0.439
0.607
-0.245
-0.59
0.382
-0.583
0.316
0.473
-0.325
-0.544
0.497
0.95
0.507
0.744
-0.047
-0.501
-0.781
-0.7
-0.457
0.564
-0.743
0.997
-0.916
0.139
0.151
0.003
-0.668
-0.071
0.696
-0.486
-0.262
-0.389
-0.219
0.224
0.044
0.915
-0.062
-0.391
-0.964
-0.413
0.664
0.991
0.145
-0.035
-0.228
-0.337
-0.3
0.618
-0.31
0.153
-0.715
0.76
-0.386
-0.085
-0.497
-0.671
0.878
0.407
0.855
-0.919
0.105
0.199
0.928
0.433
0.267
-0.464
0.791
0.183
-0.998
0.279
0.721
-0.802
-0.616
0.088
-0.916
-0.225
0.156
-0.508
0.702
-0.802
0.603
-0.581
0.668
0.311
0.492
0.039
0.643
-0.676
0.508
-0.961
-0.498
-0.829
-0.096
-0.448
0.765
-0.919
0.524
0.754
0.239
-0.606
-0.997
-0.828
0.654
0.285
0.812
0.393
-0.784
0.285
-0.369
0.253
-0.641
0.593
0.409
0.05
0.206
-0.136
0.027
0.018
-0.331
-0.458
-0.236
-0.781
-1.0
0.509
0.747
-0.311
-0.411
0.48
0.772
-0.906
-0.635
-0.802
-0.282
0.664
-0.93
-0.337
0.881
0.145
-0.366
0.735
0.508
-0.891
0.767
0.836
-0.0
0.256
-0.192
-0.315
0.262
0.544
-0.103
0.086
-0.727
-0.316
-0.112
0.784
0.222
-0.287
0.609
-0.521
0.162
0.889
-0.974
0.156
0.546
0.088
-0.507
0.736
0.215
-0.167
-0.118
0.769
0.349
0.98
0.343
-0.785
-0.014
0.273
-0.968
-0.689
0.29
-0.896
0.418
-0.731
-0.132
0.594
0.275
-0.591
0.12
0.431
-0.583
-0.866
-0.692
0.56
-0.602
0.561
0.912
0.413
0.614
0.57
0.465
0.389
-0.981
-0.076
-0.199
0.565
0.535
-0.121
0.46
-0.651
0.723
-0.852
-0.071
-0.351
0.675
-0.227
-0.765
0.374
-0.636
0.821
0.455
0.48
-0.377
0.908
-0.174
-0.466
0.307
0.649
0.875
-0.168
0.478
-0.824
0.854
-0.982
0.083
-0.407
-0.22
-0.117
-0.008
0.617
-0.047
0.011
-0.946
-0.275
0.641
-0.384
0.757
-0.138
-0.444
-0.747
-0.516
0.224
-0.591
0.948
0.734
-0.01
0.907
-0.891
0.316
-0.057
-0.911
0.395
0.235
0.374
-0.544
-0.846
-0.517
-0.152
0.319
0.448
-0.392
0.651
0.271
-0.572
0.949
0.818
0.593
0.143
-0.413
-0.705
-0.49
0.094
-0.166
-0.509
0.355
0.016
-0.728
-0.45
-0.28
-0.472
0.884
-0.562
0.622
-0.964
0.207
-0.85
-0.462
0.978
-0.939
-0.242
-0.119
-0.251
0.417
0.548
0.45
-0.479
0.08
0.693
-0.322
-0.419
0.467
-0.993
0.435
-0.249
0.63
0.77
-0.003
-0.04
-0.268
0.591
-0.684
-0.21
-0.51
-0.788
0.522
0.766
0.567
-0.598
-0.45
0.194
-0.484
-0.395
0.039
0.603
0.198
0.933
-0.331
0.578
0.138
-0.599
-0.767
-0.004
-0.595
-0.211
-0.914
-0.131
-0.24
-0.073
0.623
0.287
-0.346
-0.957
-0.715
0.009
0.762
-0.081
-0.159
0.013
-0.739
0.601
-0.019
-0.853
0.826
-0.863
-0.943
-0.995
0.09
-0.351
-0.869
-0.909
-0.06
-0.859
-0.6
0.485
-0.382
-0.941
0.916
0.867
0.275
0.52
0.852
-0.312
0.252
0.952
-0.877
0.723
-0.096
0.834
-0.247
-0.914
0.032
0.86
0.102
-0.518
0.359
0.108
0.107
-0.522
-0.559
-0.978
0.938
0.502
0.802
-0.094
-0.527
-0.054
0.949
0.742
0.459
0.358
-0.141
0.145
0.519
-0.52
-0.866
0.468
-0.033
0.323
-0.423
0.417
0.728
0.208
-0.989
0.63
-0.55
-0.066
-0.821
-0.207
0.786
-0.006
0.428
-0.098
-0.009
-0.45
0.354
-0.595
0.808
0.683
-0.493
0.026
0.908
0.708
-0.789
-0.184
-0.246
0.759
0.923
0.544
0.285
-0.47
-0.471
-0.108
-0.183
0.412
-0.164
0.772
-0.795
-0.702
0.528
0.762
0.061
0.111
0.161
0.621
0.684
-0.364
-0.2
0.451
0.383
0.052
-0.399
0.395
0.548
0.359
0.832
-0.94
-0.504
-0.596
-0.586
-0.916
0.293
0.174
-0.629
0.1
-0.442
0.596
0.387
-0.013
0.377
0.764
0.203
-0.282
-0.648
-0.043
-0.985
-0.468
0.052
0.094
-0.647
-0.215
-0.051
0.698
-0.594
-0.265
0.839
-0.275
0.093
0.042
0.829
0.893
-0.432
0.208
0.477
-0.906
0.505
-0.221
0.3
-0.213
-0.617
0.311
-0.885
0.142
0.051
-0.957
0.347
-0.007
-0.507
0.072
0.304
0.239
0.419
-0.555
0.834
-0.006
-0.446
0.194
-0.825
-0.965
-0.49
0.699
-0.789
0.063
0.494
0.154
-0.541
-0.018
-0.175
-0.763
-0.293
0.98
-0.906
-0.693
0.702
0.709
-0.781
0.694
0.729
-0.031
-0.651
-0.009
-0.951
0.54
-0.614
-0.34
0.179
0.307
-0.522
-0.23
0.18
-0.464
0.718
0.044
0.301
0.709
-0.838
0.659
-0.472
-0.584
0.366
-0.138
0.501
-0.816
0.253
-0.043
0.482
-0.949
-0.854
0.303
0.988
-0.774
-0.496
-0.895
0.63
-0.787
0.434
-0.246
0.069
-0.252
-0.582
0.699
-0.861
-0.247
0.568
0.008
0.038
-0.774
-0.58
0.462
-0.374
0.476
0.198
0.394
-0.401
-0.169
0.702
-0.616
-0.853
0.601
0.725
-0.641
0.633
-0.54
0.584
0.379
-0.076
-0.214
0.74
-0.571
0.172
-0.624
0.864
-0.798
0.874
0.793
0.936
0.443
0.89
-0.97
-0.275
0.056
0.133
-0.941
0.739
-0.724
-0.725
-0.849
0.791
-0.568
0.244
0.8
0.385
0.371
0.633
-0.837
0.31
-0.167
0.434
0.303
-0.372
0.136
0.53
0.81
0.778
-0.62
-0.188
0.851
0.195
-0.846
-0.521
-0.415
0.423
-0.129
-0.18
0.583
-0.875
-0.217
0.966
0.613
0.598
-0.796
-0.774
-0.959
-0.912
0.925
0.887
0.915
0.124
-0.714
-0.811
0.685
0.146
0.936
-0.59
-0.528
0.563
-0.855
0.317
-0.564
0.31
0.581
0.808
0.713
0.078
0.408
-0.303
0.333
0.221
-0.13
-0.242
-0.033
0.873
0.646
-0.986
0.603
-0.195
0.956
-0.739
0.698
-0.02
-0.466
0.849
0.123
0.571
-0.167
-0.351
0.754
-0.171
-0.644
0.308
0.487
0.823
0.351
-0.367
-0.61
0.174
0.64
-0.782
0.54
0.709
0.123
0.257
0.973
0.484
-0.401
0.601
0.175
-0.276
0.843
-0.327
0.182
0.941
0.82
0.906
-0.302
-0.505
0.351
-0.6
0.773
-0.348
0.666
0.87
0.886
-0.25
-0.497
0.259
-0.952
0.981
-0.448
-0.12
-0.448
0.856
0.686
0.072
0.189
0.887
-0.76
-0.869
-0.511
-0.888
0.124
-0.327
0.723
-0.848
-0.719
0.153
-0.65
0.535
-0.732
0.056
0.307
-0.445
0.4
0.076
-0.993
-0.572
-0.609
-0.013
-0.489
-0.974
0.576
-0.47
-0.392
0.972
-0.719
-0.35
0.122
0.727
-0.785
-0.325
0.228
0.61
0.334
-0.412
-0.92
-0.969
0.685
-0.385
0.324
-0.148
-0.162
0.297
0.222
0.056
-0.773
0.659
-0.1
-0.397
-0.048
0.773
0.388
0.706
0.795
0.991
-0.79
-0.109
-0.667
0.206
0.136
-0.617
-0.677
0.856
-0.814
0.778
-0.267
0.583
0.589
-0.017
0.004
-0.917
-0.445
-0.14
0.11
0.174
-0.436
-0.148
-0.613
0.388
-0.519
0.293
0.952
-0.55
-0.953
-0.169
-0.832
0.062
0.902
-0.473
-0.805
-0.237
0.422
0.76
-0.106
-0.971
0.583
-0.674
-0.006
-0.576
-0.296
0.557
-0.704
-0.006
-0.012
-0.631
-0.347
0.373
-0.689
0.637
-0.847
-0.124
0.069
-0.151
0.491
-0.105
0.077
0.367
-0.788
-0.445
0.157
0.856
-0.003
-0.621
-0.63
-0.938
-0.753
0.186
-0.773
-0.684
-0.338
-0.399
0.785
-0.774
0.089
-0.313
0.252
0.767
-0.709
-0.324
0.544
-0.501
-0.428
-0.99
-0.495
0.562
0.244
0.28
-0.586
0.411
0.913
-0.951
-0.097
-0.188
0.017
0.577
0.454
0.947
0.341
0.358
-0.033
-0.458
-0.143
-0.608
0.438
-0.841
-0.3
-0.831
0.39
0.726
-0.167
-0.313
0.605
-0.014
-0.369
-0.733
-0.412
0.448
-0.981
-0.74
0.703
0.103
-0.352
0.205
-0.192
-0.543
-0.336
0.608
0.713
-0.645
0.736
-0.459
0.513
-0.553
0.563
0.567
0.557
0.322
-0.19
0.339
-0.754
0.669
-0.119
0.332
-0.823
-0.984
-0.382
-0.54
0.684
0.374
0.364
0.656
-0.736
0.785
-0.657
-0.152
0.997
0.246
0.059
-0.92
-0.643
0.791
0.209
-0.734
-0.442
0.538
0.942
-0.603
-0.833
-0.399
0.076
0.337
0.336
0.402
0.057
0.836
-0.354
0.221
-0.856
-0.031
0.107
0.866
0.426
0.257
-0.124
0.155
-0.525
0.559
0.615
0.089
0.096
0.188
0.662
-0.887
0.207
-0.181
0.809
-0.587
-0.355
-0.126
0.18
0.977
-0.011
0.647
0.143
-0.445
0.238
-0.742
-0.431
0.385
-0.939
0.478
0.998
0.098
0.392
-0.251
-0.887
-0.713
0.867
-0.088
-0.798
0.597
-0.88
-0.541
-0.239
0.834
-0.655
0.53
0.019
-0.269
0.882
-0.944
-0.853
0.322
-0.022
0.48
-0.801
0.087
-0.804
-0.039
-0.274
0.303
-0.679
0.052
0.827
-0.586
-0.002
-0.146
0.797
-0.877
-0.067
0.991
0.973
-0.029
-0.856
-0.229
0.809
-0.783
0.743
0.526
-0.401
-0.395
-0.757
0.442
-0.151
0.491
-0.24
-0.719
0.978
-0.85
-0.962
0.377
-0.546
-0.83
-0.709
0.336
0.008
-0.893
-0.436
0.534
-0.853
0.193
0.739
-0.865
0.053
0.095
0.627
0.228
0.579
-0.77
-0.872
-0.171
0.22
0.476
0.522
-0.923
-0.193
0.174
-0.22
-0.992
0.073
-0.254
0.423
0.897
0.741
-0.993
-0.434
-0.647
-0.403
0.898
0.118
-0.809
0.373
-0.619
0.923
-0.105
-0.168
-0.766
-0.985
-0.739
-0.805
0.576
-0.224
0.654
0.327
-0.12
0.842
0.605
-0.607
-0.868
-0.732
0.53
0.562
-0.151
0.725
0.054
0.674
0.099
0.751
0.851
-0.207
-0.491
-0.327
0.331
0.446
-0.848
0.183
-0.806
0.747
-0.865
-0.328
-0.862
-0.173
-0.446
-0.202
-0.383
0.024
0.17
-0.885
-0.388
-0.698
-0.616
-0.131
0.336
0.815
0.38
-0.421
0.687
0.858
0.842
0.278
0.154
0.496
0.389
-0.449
-0.355
-0.669
-0.145
0.859
-0.979
-0.705
0.337
0.43
-0.295
-0.145
-0.274
-0.874
0.141
-0.3
0.987
-0.316
-0.078
0.971
0.48
0.405
0.492
0.244
0.676
-0.735
0.463
-0.243
0.116
0.718
0.495
0.306
0.917
-0.154
-0.951
0.923
-0.183
0.213
0.664
0.568
-0.573
-0.607
0.463
-0.174
0.255
0.467
0.353
0.47
-0.339
0.259
0.911
-0.996
0.961
-0.256
-0.444
0.371
-0.536
-0.559
0.405
0.175
0.302
0.771
-0.966
-0.208
-0.414
0.677
-0.189
-0.278
0.205
0.166
-0.752
0.574
0.87
0.521
-0.335
-0.331
-0.812
-0.643
0.749
-0.62
-0.104
-0.671
0.35
-0.629
0.595
-0.89
-0.39
-0.677
0.074
-0.347
0.231
0.144
-0.348
-0.922
-0.354
-0.771
0.975
-0.039
0.658
0.698
0.155
-0.447
0.148
0.62
-0.516
-0.458
0.331
0.466
-0.997
0.259
-0.01
0.324
0.527
-0.945
-0.992
-0.648
-0.277
-0.01
0.109
0.548
-0.192
0.865
0.564
0.924
0.666
0.474
-0.075
0.988
-0.262
-0.674
0.759
-0.076
0.727
-0.066
0.677
-0.844
-0.897
-0.075
0.644
0.666
-0.775
-0.694
0.328
-0.687
0.136
-0.75
-0.136
-0.315
-0.257
-0.006
0.877
-0.88
-0.75
0.944
-0.084
-0.012
0.081
0.193
-0.967
0.853
0.394
0.452
0.863
-0.781
0.013
-0.54
-0.504
-0.95
0.33
0.539
0.815
0.54
0.226
0.885
-0.27
-0.369
-0.364
0.176
-0.901
0.049
-0.02
0.159
0.865
0.37
-0.344
-0.044
0.015
0.851
0.283
-0.305
0.775
-0.912
-0.657
-0.443
0.913
0.753
-0.511
0.168
-0.425
0.871
0.247
0.457
0.862
0.612
0.857
-0.697
-0.481
0.742
0.693
0.536
0.439
0.709
-0.05
-0.799
0.454
-0.506
0.218
0.12
-0.222
0.311
-0.229
-0.808
0.721
0.694
-0.434
0.12
-0.731
0.476
-0.089
-0.234
0.863
0.655
0.686
0.613
0.454
0.807
-0.361
0.839
-0.169
0.506
-0.305
-0.058
-0.502
-0.766
-0.359
-0.893
-0.375
-0.346
-0.845
0.15
0.683
0.221
-0.791
-0.501
-0.407
-0.376
0.458
-0.161
-0.873
0.391
-0.547
0.983
-0.953
0.64
0.021
-0.468
-0.693
-0.593
-0.428
-0.872
0.732
-0.556
-0.866
-0.017
-0.74
-0.292
0.75
0.733
0.901
0.297
0.753
-0.071
0.234
0.217
0.924
0.838
0.976
0.864
-0.565
0.92
-0.852
-0.445
0.584
0.996
-0.768
-0.398
-0.065
-0.23
-0.611
-0.5
0.622
-0.893
0.632
-0.328
0.363
0.668
0.242
-0.516
0.393
0.314
0.837
-0.413
-0.929
-0.652
0.935
0.271
-0.165
0.375
-0.334
-0.765
0.192
0.826
-0.848
-0.244
-0.058
0.21
0.896
0.686
0.937
-0.054
-0.18
0.514
-0.563
-0.172
-0.659
-0.801
0.573
-0.965
0.406
0.634
0.875
0.666
0.618
0.905
-0.227
-0.532
-0.775
-0.699
-0.672
-0.253
0.138
-0.791
0.521
0.62
-0.947
-0.184
-0.464
0.912
0.544
0.023
0.089
-0.823
-0.293
0.586
-0.866
-0.306
0.605
0.004
0.36
-0.188
-0.819
0.309
0.023
0.235
-0.927
-0.945
0.856
0.776
0.021
-0.178
-0.804
0.668
0.569
0.314
0.605
-0.011
0.669
-0.651
-0.863
0.095
0.117
0.158
-0.539
-0.212
-0.758
0.625
0.695
0.297
0.933
0.257
0.871
0.614
0.79
-0.257
-0.812
-0.709
0.281
0.58
-0.117
0.584
0.359
-0.59
-0.622
-0.597
-0.465
-0.496
0.089
-0.525
0.147
0.243
0.595
0.324
0.527
-0.027
-0.944
-0.337
0.254
-0.039
0.838
-0.634
-0.937
-0.119
-0.556
0.69
0.081
0.431
0.292
-0.533
-0.189
0.69
-0.516
0.862
0.61
0.02
0.083
0.022
0.43
0.281
0.631
0.051
0.789
-0.835
0.58
0.761
0.578
-0.763
0.031
-0.745
0.331
0.171
0.408
0.321
0.087
0.488
0.904
-0.337
-0.438
0.828
0.176
-0.865
-0.375
-0.241
-0.069
0.226
-0.423
-0.796
-0.055
0.888
-0.573
0.501
-0.805
0.025
0.032
-0.62
0.144
0.792
0.687
0.834
-0.467
0.488
0.543
-0.842
0.804
0.455
0.488
-0.619
-0.744
0.299
0.938
-0.027
0.886
-0.283
-0.09
-0.494
0.503
0.983
-0.344
0.772
-0.512
-0.965
-0.734
-0.857
-0.147
0.464
-0.84
0.151
-0.481
-0.307
0.608
0.749
0.348
0.489
0.894
0.135
0.685
-0.701
0.737
-0.911
-0.957
-0.546
0.591
0.418
0.761
-0.315
0.782
0.629
-0.131
0.714
-0.347
0.187
-0.54
-0.438
0.511
0.778
-0.993
0.633
0.68
0.945
0.348
-0.725
0.906
0.772
0.49
0.017
0.354
0.15
0.01
-0.826
-0.229
-0.215
-0.084
0.652
-0.401
-0.784
-0.592
0.114
-0.195
0.94
-0.744
0.032
0.611
-0.427
0.786
0.652
-0.16
0.522
-0.144
0.566
-0.324
0.13
-0.183
-0.426
-0.091
-0.169
0.435
-0.531
0.891
0.499
0.501
-0.203
0.796
0.131
0.785
-0.05
0.929
-0.466
-0.584
-0.547
-0.276
0.558
-0.909
0.228
-0.376
-0.017
-0.407
-0.206
-0.163
-0.753
0.483
-0.311
-0.811
0.633
-0.565
0.451
0.19
-0.924
0.893
0.941
0.465
-0.814
0.395
-0.616
-0.073
-0.009
-0.491
0.649
-0.751
-0.044
0.211
0.508
0.721
0.142
0.941
-0.874
-0.327
0.613
-0.559
-0.174
-0.125
0.046
-0.731
0.522
0.956
0.274
0.388
-0.492
-0.606
-0.3
-0.434
-0.177
0.07
0.002
0.286
-0.534
-0.675
-0.528
-0.81
-0.431
-0.485
0.122
0.573
-0.433
0.228
-0.351
-0.791
-0.204
-0.849
0.071
0.974
-0.957
-0.032
-0.559
0.913
-0.155
0.195
-0.222
-0.127
-0.834
-0.433
0.7
-0.099
0.437
-0.431
0.612
0.265
0.982
-0.35
-0.529
-0.494
-0.048
0.702
0.636
-0.796
0.42
-0.667
0.372
-0.008
0.074
0.594
-0.259
0.009
0.169
0.16
-0.081
-0.361
-0.445
0.48
0.506
0.644
-0.337
0.716
-0.675
-0.37
0.247
-0.126
0.441
0.334
0.297
-0.056
-0.863
0.708
-0.442
-0.901
0.088
0.011
-0.918
0.022
0.533
0.139
0.485
-0.451
0.134
0.471
-0.984
-0.724
0.71
0.341
0.454
-0.426
-0.119
-0.007
-0.974
-0.757
-0.654
-0.901
-0.503
-0.924
-0.242
-0.608
0.003
-0.424
0.069
0.214
0.574
0.232
-0.189
0.363
0.812
0.811
0.304
-0.762
0.221
0.164
0.596
0.131
-0.804
0.624
-0.081
0.157
-0.296
-0.178
-0.913
0.015
0.066
0.648
-0.279
-0.612
0.953
0.719
-0.458
0.919
-0.7
-0.765
0.627
-0.941
-0.978
0.936
-0.842
0.474
-0.453
0.142
-0.044
-0.714
-0.794
0.23
-0.577
0.106
-0.628
0.607
0.144
0.776
-0.415
-0.704
0.92
0.23
-0.619
-0.573
-0.653
0.398
0.532
-0.406
-0.562
-0.692
0.762
0.365
-0.947
0.687
-0.815
-0.781
0.413
0.118
-0.912
-0.169
-0.516
-0.809
-0.069
-0.701
-0.139
0.465
0.12
0.656
0.684
-0.338
0.19
-0.623
-0.305
-0.179
-0.583
0.603
0.308
0.2
-0.206
-0.708
-0.559
-0.608
0.581
-0.88
0.581
-0.066
0.463
0.678
0.277
0.24
-0.623
-0.551
0.302
0.882
0.073
-0.965
0.695
0.82
-0.723
-0.204
0.428
-0.135
-0.063
0.602
0.59
0.04
0.356
-0.396
0.166
0.266
-0.489
-0.941
0.657
-0.252
0.973
-0.773
0.175
0.975
-0.811
0.003
-0.0
-0.221
-0.456
-0.238
0.914
-0.983
-0.728
-0.214
-0.466
0.303
0.714
0.053
-0.442
0.422
-0.731
0.029
0.939
0.475
0.858
0.963
-0.88
0.65
-0.055
-0.562
-0.1
-0.663
0.203
0.063
-0.674
0.607
0.46
-0.951
-0.04
0.556
0.272
0.165
0.831
-0.164
0.397
0.697
-0.94
-0.2
-0.674
0.807
0.051
0.588
-0.883
0.16
-0.661
-0.033
-0.418
0.096
-0.765
0.166
-0.951
0.216
0.905
-0.64
0.52
0.582
0.337
0.68
0.194
0.435
-0.359
0.832
0.424
0.315
-0.316
0.36
0.204
-0.12
0.115
0.753
-0.128
-0.331
0.322
-0.811
0.693
0.794
0.416
0.739
0.539
-0.607
0.283
0.094
0.455
-0.1
0.545
-0.292
-0.651
-0.927
-0.536
0.518
0.723
0.429
-0.327
0.706
-0.089
0.926
0.544
-0.82
-0.615
0.926
-0.655
-0.858
-0.217
0.46
0.007
-0.834
0.581
0.343
0.164
-0.672
-0.969
0.68
-0.627
-0.626
0.146
0.216
-0.919
-0.641
0.82
-0.175
0.742
0.381
0.53
-0.647
0.285
0.135
0.034
-0.415
-0.71
0.34
0.753
-0.765
-0.646
0.539
-0.685
0.687
-0.264
-0.121
-0.521
-0.102
0.956
0.636
-0.982
-0.623
0.295
0.189
-0.511
-0.533
-0.635
-0.82
-0.66
0.649
0.165
0.84
-0.834
-0.851
0.294
0.593
-0.86
0.148
-0.202
-0.503
-0.279
-0.789
0.231
0.031
-0.337
-0.343
-0.151
-0.224
-0.067
-0.86
0.479
-0.845
-0.121
0.199
-0.31
0.62
-0.759
-0.431
0.351
0.912
-0.711
-0.622
0.065
0.295
-0.024
-0.765
-0.6
-0.092
0.153
0.744
-0.565
-0.507
0.359
-0.656
-0.583
-0.531
-0.065
0.339
0.071
-0.386
-0.287
-0.706
-0.636
0.984
-0.481
0.242
0.089
0.727
0.89
-0.64
-0.884
-0.658
0.315
0.288
-0.752
-0.259
-0.621
-0.465
-0.684
0.57
-0.857
0.987
-0.068
-0.408
0.989
-0.287
-0.443
-0.555
0.458
-0.833
-0.525
-0.231
0.741
-0.1
-0.846
0.583
0.686
-0.391
0.1
0.27
0.684
0.459
0.224
-0.011
0.462
0.467
0.505
0.304
-0.653
-0.543
0.796
-0.805
0.576
-0.366
-0.664
0.92
-0.139
0.664
-0.69
-0.205
0.715
-0.895
0.051
0.974
-0.638
0.244
0.377
0.326
0.946
-0.339
-0.29
-0.532
-0.655
0.822
0.651
0.215
-0.814
-0.51
-0.594
0.053
-0.415
0.344
-0.176
-0.583
-0.423
0.495
-0.062
-0.627
-0.502
-0.961
0.262
0.114
0.077
-0.141
-0.452
0.44
-0.928
-0.959
0.59
-0.046
0.374
0.936
0.442
-0.559
0.425
-0.258
-0.168
-0.395
-0.268
-0.252
0.466
-0.852
0.696
0.209
-0.54
0.367
-0.91
-0.789
0.424
0.606
-0.248
-0.573
0.962
-0.018
0.458
-0.624
-0.635
-0.244
-0.89
0.261
0.659
-0.808
0.456
0.129
0.625
0.389
0.537
-0.961
-0.629
0.758
0.534
-0.464
0.472
-0.296
0.712
0.025
-0.857
0.453
0.038
-0.148
-0.258
0.04
-0.884
-0.115
0.517
-0.06
0.026
-0.392
0.745
-0.404
-0.646
-0.745
0.45
0.49
0.559
0.991
-0.408
-0.347
-0.213
-0.154
-0.927
-0.136
0.24
0.822
0.063
-0.051
0.984
0.472
0.8
0.037
0.749
-0.714
0.634
-0.638
0.587
0.389
-0.367
-0.004
0.09
0.896
0.003
0.394
-0.614
-0.586
-0.583
0.706
0.874
-0.996
-0.811
-0.137
0.172
0.029
0.37
0.941
-0.958
0.545
0.53
0.41
-0.477
-0.785
0.418
-0.985
0.524
0.739
-0.661
-0.539
-0.367
-0.238
0.948
0.553
-0.361
-0.507
-0.431
-0.257
-0.944
0.62
-0.215
-0.557
-0.322
-0.758
-0.269
-0.276
0.83
0.172
-0.19
-0.51
-0.001
-0.915
0.313
-0.317
0.763
0.813
-0.878
-0.256
-0.8
0.444
0.686
0.502
0.417
-0.417
0.511
-0.582
-0.251
0.939
0.745
0.611
-0.801
-0.153
0.331
0.645
-0.708
0.572
0.927
0.27
-0.962
0.546
-0.467
-0.849
-0.725
-0.461
-0.675
-0.926
-0.239
-0.863
-0.234
0.545
-0.957
0.487
-0.473
0.738
0.143
0.144
0.819
-0.8
-0.134
-0.584
-0.236
-0.931
0.694
-0.99
0.478
0.009
0.244
-0.98
-0.982
-0.427
0.682
0.88
-0.383
0.885
0.368
-0.149
0.538
-0.393
-0.265
0.675
0.965
0.343
-0.281
-0.976
-0.944
0.21
-0.463
-0.435
0.687
0.311
-0.109
-0.202
-0.399
0.76
-0.956
0.601
-0.267
-0.639
-0.33
-0.289
0.098
-0.133
0.517
0.554
0.853
0.548
-0.409
-0.619
0.125
-0.654
-0.164
-0.966
0.293
-0.054
-0.513
-0.522
-0.056
0.208
-0.736
-0.187
0.848
0.044
0.075
-0.491
0.012
-0.678
-0.343
0.452
-0.12
0.294
0.782
0.982
-0.262
0.658
-0.365
0.456
0.996
-0.664
0.404
-0.162
-0.146
-0.148
-0.63
-0.847
-0.35
-0.161
-0.707
-0.547
0.011
-0.599
0.774
-0.624
-0.993
0.407
-0.162
-0.217
0.02
-0.131
-0.097
-0.348
0.796
-0.672
0.145
0.477
0.637
0.538
-0.85
-0.638
-0.054
-0.652
0.754
0.471
-0.222
0.7
-0.693
0.272
-0.903
-0.595
-0.859
-0.411
-0.065
0.018
-0.12
-0.59
-0.193
-0.249
-0.746
0.034
-0.241
-0.628
-0.023
-0.221
-0.499
-0.182
0.078
-0.038
-0.646
0.727
0.015
0.346
-0.125
-0.151
-0.394
-0.722
0.071
0.994
-0.938
0.523
0.033
0.18
0.022
-0.535
0.436
-0.065
0.093
0.185
0.136
-0.913
0.553
0.435
-0.683
-0.56
0.358
-0.14
0.986
-0.927
0.225
0.58
-0.381
0.9
-0.51
-0.362
-0.194
-0.854
0.293
0.396
0.565
-0.821
-0.35
0.181
0.067
0.305
-0.063
0.737
0.845
0.555
-0.902
-0.722
-0.647
0.785
-0.994
-0.208
0.926
0.875
0.637
0.064
-0.308
0.468
0.212
0.38
0.13
0.004
-0.239
0.731
-0.879
0.238
0.256
0.169
-0.637
-0.148
-0.04
0.312
-0.013
-0.818
-0.95
0.162
0.499
-0.679
-0.336
0.552
-0.072
-0.743
0.563
-0.171
-0.705
0.555
0.956
-0.362
0.467
0.322
0.002
0.362
-0.047
0.098
-0.717
0.998
-0.694
-0.189
-0.769
-0.298
-0.556
-0.254
-0.793
0.407
-0.266
0.904
0.959
-0.91
0.586
0.817
0.693
-0.454
0.191
0.803
0.783
0.724
0.763
0.453
0.867
0.845
0.722
-0.306
-0.771
-0.768
0.305
-0.855
0.599
0.943
0.37
0.82
0.587
0.67
-0.695
-0.542
-0.649
0.033
-0.393
0.016
-0.937
-0.191
-0.144
0.847
0.587
-0.541
-0.303
0.844
-0.529
-0.012
-0.333
0.114
-0.433
-0.422
-0.959
-0.828
-0.468
0.765
-0.425
0.199
0.348
0.931
0.264
-0.197
-0.134
0.189
-0.881
-0.112
-0.633
-0.501
-0.475
0.608
0.357
0.262
0.867
-0.494
0.674
-0.057
0.912
0.328
0.237
0.523
-0.323
0.757
0.724
0.57
0.407
-0.967
-0.964
0.667
-0.541
0.237
-0.708
-0.644
-0.027
-0.316
0.213
-0.289
-0.051
-0.393
0.451
-0.931
-0.95
0.001
-0.565
0.313
0.023
-0.737
-0.175
0.63
-0.21
0.313
-0.694
-0.621
0.2
-0.611
0.244
0.689
0.072
-0.971
0.519
-0.452
-0.183
-0.424
-0.68
0.294
0.47
-0.915
-0.251
0.476
0.675
0.95
-0.976
-0.777
-0.931
-0.884
0.904
-0.554
-0.833
-0.46
0.239
0.824
0.768
0.781
0.534
0.581
-0.575
-0.046
-0.717
-0.33
-0.127
0.372
0.284
-0.088
-0.351
0.432
0.379
0.019
-0.974
0.803
0.171
-0.621
-0.231
-0.741
-0.926
0.542
-0.188
-0.075
0.361
-0.18
-0.113
-0.226
-0.186
0.446
-0.96
-0.559
0.29
0.299
0.748
-0.855
-0.861
-0.86
0.888
-0.842
-0.631
-0.711
-0.519
0.345
-0.352
0.368
0.424
0.868
-0.493
0.258
0.008
-0.776
-0.751
-0.505
-0.38
-0.633
-0.054
-0.578
-0.008
0.332
0.615
-0.237
-0.994
0.952
-0.27
0.891
-0.439
0.638
-0.798
-0.963
-0.636
0.145
-0.656
-0.284
-0.437
-0.922
0.676
0.459
0.82
-0.09
0.015
-0.886
-0.827
0.082
-0.559
-0.735
0.175
-0.948
0.317
-0.658
-0.765
-0.255
0.686
0.61
0.267
0.104
-0.329
-0.534
-0.917
0.751
0.649
0.483
-0.404
-0.055
0.531
0.762
0.909
-0.28
-0.181
0.517
-0.649
-0.595
-0.565
0.825
0.706
0.64
-0.801
0.773
0.904
-0.954
0.996
-0.602
-0.494
-0.378
-0.052
0.476
-0.434
0.634
-0.221
-0.978
0.53
-0.018
0.533
-0.92
-0.208
0.154
0.832
0.009
0.867
0.144
-0.075
-0.366
0.509
0.545
-0.959
-0.337
-0.375
-0.545
0.099
-0.324
-0.686
0.5
-0.696
-0.33
0.785
0.553
-0.298
-0.145
-0.268
0.399
0.958
0.545
-0.997
-0.922
-0.245
0.891
0.161
-0.234
0.675
0.03
0.493
0.101
-0.518
0.381
-0.593
-0.763
0.226
-0.978
-0.071
-0.471
-0.208
-0.18
-0.145
-0.815
0.06
-0.471
0.826
-0.814
0.699
0.237
-0.301
0.074
0.085
0.121
0.768
0.126
-0.866
0.47
-0.832
0.565
-0.007
-0.666
-0.37
0.349
0.673
0.247
0.542
-0.619
0.185
-0.696
0.832
0.956
-0.99
0.373
-0.837
-0.642
0.403
-0.476
-0.908
0.656
-0.749
-0.741
0.769
0.944
0.45
-0.392
0.238
0.177